Version identifier: 12.10.0.0 | 2019-11-26 | 843d4de
CPXPARAM_WorkMem                                 16384
CPXPARAM_MIP_Limits_TreeMemory                   24576
Tried aggregator 2 times.
Aggregator did 100 substitutions.
Reduced MIP has 424 rows, 480 columns, and 1976 nonzeros.
Reduced MIP has 480 binaries, 0 generals, 0 SOSs, and 0 indicators.
Presolve time = 0,00 sec. (1,90 ticks)
Found incumbent of value 1416,000000 after 0,01 sec. (2,99 ticks)
Probing time = 0,00 sec. (0,96 ticks)
Tried aggregator 1 time.
Detecting symmetries...
MIP Presolve eliminated 84 rows and 0 columns.
MIP Presolve added 168 rows and 0 columns.
Reduced MIP has 508 rows, 480 columns, and 2060 nonzeros.
Reduced MIP has 480 binaries, 0 generals, 0 SOSs, and 0 indicators.
Presolve time = 0,00 sec. (2,58 ticks)
Probing time = 0,00 sec. (0,94 ticks)
Clique table members: 1436.
MIP emphasis: balance optimality and feasibility.
MIP search method: dynamic search.
Parallel mode: deterministic, using up to 16 threads.
Root relaxation solution time = 0,01 sec. (3,50 ticks)

        Nodes                                         Cuts/
   Node  Left     Objective  IInf  Best Integer    Best Bound    ItCnt     Gap

*     0+    0                         1416,0000        0,0000           100,00%
*     0+    0                          980,0000        0,0000           100,00%
      0     0      354,0000   464      980,0000      354,0000      222   63,88%
      0     0      359,3578   464      980,0000     Cuts: 227      587   63,33%
      0     0      362,6005   464      980,0000     Cuts: 167      700   63,00%
*     0+    0                          956,0000      362,6005            62,07%
*     0+    0                          881,0000      362,6005            58,84%
      0     0      364,5238   464      881,0000     Cuts: 101      796   58,62%
      0     0      364,8727   464      881,0000     Cuts: 227      857   58,58%
      0     0      366,0024   464      881,0000      Cuts: 85      948   58,46%
      0     0      423,6284   464      881,0000     Cuts: 227     1399   51,92%
*     0+    0                          878,0000      423,6284            51,75%
      0     0      427,5971   464      878,0000     Cuts: 227     1555   51,30%
      0     0      431,8220   464      878,0000     Cuts: 227     1720   50,82%
      0     0      435,8852   464      878,0000     Cuts: 227     1902   50,35%
      0     0      437,9352   464      878,0000     Cuts: 220     2048   50,12%
      0     0      439,5005   464      878,0000      Cuts: 67     2185   49,94%
      0     0      440,3560   464      878,0000  ZeroHalf: 32     2288   49,85%
      0     0      441,5826   464      878,0000     Cuts: 227     2393   49,71%
      0     0      442,1295   464      878,0000      Cuts: 35     2473   49,64%
      0     0      443,2486   464      878,0000  ZeroHalf: 30     2562   49,52%
      0     0      443,9185   464      878,0000      Cuts: 52     2657   49,44%
      0     0      444,6559   464      878,0000  ZeroHalf: 28     2772   49,36%
      0     0      445,3116   464      878,0000      Cuts: 45     2863   49,28%
      0     0      446,4218   464      878,0000     Cuts: 227     2941   49,15%
      0     0      447,4923   464      878,0000  ZeroHalf: 26     3052   49,03%
      0     0      447,9658   464      878,0000  ZeroHalf: 25     3128   48,98%
      0     0      448,3933   464      878,0000  ZeroHalf: 24     3226   48,93%
      0     0      449,0612   464      878,0000     Cuts: 216     3324   48,85%
      0     0      449,5909   464      878,0000  ZeroHalf: 29     3396   48,79%
      0     0      449,8073   464      878,0000  ZeroHalf: 29     3506   48,77%
      0     0      450,8201   464      878,0000     Cuts: 108     3588   48,65%
      0     0      451,1052   464      878,0000  ZeroHalf: 30     3696   48,62%
      0     0      451,5743   464      878,0000     Cuts: 159     3800   48,57%
      0     0      452,1310   464      878,0000      Cuts: 63     3912   48,50%
      0     0      452,3887   464      878,0000  ZeroHalf: 30     4004   48,48%
      0     0      452,7023   464      878,0000     Cuts: 207     4074   48,44%
      0     0      453,0309   464      878,0000  ZeroHalf: 32     4215   48,40%
      0     0      453,6846   464      878,0000     Cuts: 148     4314   48,33%
      0     0      453,9822   464      878,0000  ZeroHalf: 30     4454   48,29%
      0     0      454,3856   464      878,0000     Cuts: 219     4579   48,25%
      0     0      454,6550   464      878,0000     Cuts: 168     4668   48,22%
      0     0      455,0051   464      878,0000      Cuts: 26     4777   48,18%
      0     0      455,3549   464      878,0000      Cuts: 96     4914   48,14%
      0     0      455,8885   464      878,0000     Cuts: 169     5069   48,08%
      0     0      456,1506   464      878,0000  ZeroHalf: 28     5173   48,05%
      0     0      456,2990   464      878,0000      Cuts: 32     5283   48,03%
*     0+    0                          872,0000      456,2990            47,67%
      0     0      456,4698   464      872,0000     Cuts: 227     5354   47,65%
*     0+    0                          870,0000      456,4698            47,53%
      0     2      456,4698   451      870,0000      456,4698     5354   47,53%
Elapsed time = 1,67 sec. (1178,60 ticks, tree = 0,02 MB, solutions = 7)
   1082   744        cutoff            870,0000      504,0063    47599   42,07%
   1453  1041      707,4530   310      870,0000      504,0347    77567   42,06%
   1626  1203      806,0263   203      870,0000      504,0347    90419   42,06%
   1629   446      607,9644   367      870,0000      504,0347    37754   42,06%
   2066  1355      699,3692   293      870,0000      526,3975   101829   39,49%
*  2316+ 1426                          865,0000      526,3975            39,14%
   2714  1780      818,8333    74      865,0000      526,3975   134396   39,14%
   3702  2402      724,3638   291      865,0000      564,9644   182841   34,69%
   4637  3122        cutoff            865,0000      608,3319   232954   29,67%

Performing restart 1

Repeating presolve.
Tried aggregator 2 times.
MIP Presolve eliminated 68 rows and 29 columns.
MIP Presolve added 60 rows and 0 columns.
MIP Presolve modified 63 coefficients.
Aggregator did 9 substitutions.
Reduced MIP has 491 rows, 442 columns, and 1861 nonzeros.
Reduced MIP has 442 binaries, 0 generals, 0 SOSs, and 0 indicators.
Presolve time = 0,00 sec. (2,62 ticks)
Tried aggregator 1 time.
Reduced MIP has 491 rows, 442 columns, and 1861 nonzeros.
Reduced MIP has 442 binaries, 0 generals, 0 SOSs, and 0 indicators.
Presolve time = 0,00 sec. (1,52 ticks)
Represolve time = 0,04 sec. (28,16 ticks)
   4643     0      463,9719   442      865,0000      Cuts: 48   272875   28,54%
   4643     0      470,6673   442      865,0000      Cuts: 48   273148   28,54%
   4643     0      473,6216   442      865,0000      Cuts: 29   273318   28,54%
   4643     0      478,9204   442      865,0000      Cuts: 40   273580   28,54%
   4643     2      478,9204   441      865,0000      618,1276   273580   28,54%
   5685   743      836,7609   119      865,0000      618,1276   340823   28,54%
Elapsed time = 5,82 sec. (4950,33 ticks, tree = 3,28 MB, solutions = 8)
   8667  3206      803,9719   261      865,0000      618,1276   463525   28,54%

Performing restart 2

Repeating presolve.
Tried aggregator 1 time.
Reduced MIP has 491 rows, 442 columns, and 1861 nonzeros.
Reduced MIP has 442 binaries, 0 generals, 0 SOSs, and 0 indicators.
Presolve time = 0,00 sec. (1,13 ticks)
Tried aggregator 1 time.
Reduced MIP has 491 rows, 442 columns, and 1861 nonzeros.
Reduced MIP has 442 binaries, 0 generals, 0 SOSs, and 0 indicators.
Presolve time = 0,00 sec. (1,52 ticks)
Represolve time = 0,05 sec. (34,33 ticks)
  10707     0      487,6967   442      865,0000      Cuts: 57   552827   28,54%
  10707     0      490,2424   442      865,0000      Cuts: 46   553079   28,54%
  10707     0      493,1486   442      865,0000      Cuts: 54   553442   28,54%
  10707     0      494,1554   442      865,0000      Cuts: 53   553717   28,54%
  10707     0      494,4531   442      865,0000      Cuts: 97   553945   28,54%
  10707     0      494,9792   442      865,0000      Cuts: 40   554207   28,54%
  10707     0      496,1799   442      865,0000      Cuts: 78   554571   28,54%
  10707     2      496,1799   441      865,0000      618,1276   554571   28,54%
  14551  2907      812,2686    85      865,0000      618,1276   675958   28,54%
  18038  5712      774,3194   247      865,0000      618,1276   841100   28,54%
  21941  8605      733,7512   300      865,0000      669,1293  1020753   22,64%
  26024 11589      843,3100   196      865,0000      683,2745  1197189   21,01%
  30520 14556      819,5769   218      865,0000      696,4651  1359846   19,48%
  35268 17987      822,9962   218      865,0000      706,3243  1538629   18,34%
  39811 21508      841,6000   141      865,0000      713,5258  1729628   17,51%
  44393 24804      834,9121   202      865,0000      718,6341  1915843   16,92%
Elapsed time = 17,75 sec. (16052,43 ticks, tree = 180,82 MB, solutions = 8)
  49188 28100      849,5517   180      865,0000      723,9382  2098358   16,31%
  54243 31313      841,2309   136      865,0000      728,8974  2263312   15,73%
  58865 34353      844,1846   243      865,0000      733,6288  2443325   15,19%
  63615 37846      826,0447   237      865,0000      737,6937  2643395   14,72%
  68451 40164        cutoff            865,0000      740,9050  2767093   14,35%
  73574 43626      853,4715   132      865,0000      744,1020  2970251   13,98%
  78339 47435      858,3167    41      865,0000      747,2037  3190244   13,62%
  82902 50070        cutoff            865,0000      749,5690  3349785   13,34%
  87822 52384        cutoff            865,0000      752,2029  3502065   13,04%
  93984 57025      787,3941   276      865,0000      754,5278  3692945   12,77%
Elapsed time = 28,52 sec. (25590,45 ticks, tree = 440,99 MB, solutions = 8)
* 96801+58378                          862,0000      755,9466            12,30%
  98187 58787      855,7984   199      862,0000      756,7023  3833633   12,22%
 102299 60213        cutoff            862,0000      759,0725  4043972   11,94%
 106478 61672      856,8369   193      862,0000      761,0038  4197167   11,72%
 110845 63692      849,5920   162      862,0000      763,3657  4377931   11,44%
 115074 65833      851,5519   251      862,0000      765,6053  4603429   11,18%
 119580 66999        cutoff            862,0000      767,8518  4706701   10,92%
*122204+68800                          853,0000      769,2361             9,82%
 123303 60923      837,9333   240      853,0000      769,8159  4904313    9,75%
 126362 62046        cutoff            853,0000      771,7392  5046783    9,53%
 130396 62784      833,3657   227      853,0000      773,0215  5167062    9,38%
 134741 63839      836,3220   249      853,0000      774,4751  5319100    9,21%
Elapsed time = 39,25 sec. (35130,37 ticks, tree = 493,86 MB, solutions = 10)
 138834 64998        cutoff            853,0000      776,3509  5512552    8,99%
 143287 66095        cutoff            853,0000      778,3068  5690025    8,76%
 147235 67327        cutoff            853,0000      779,9331  5898553    8,57%
 151839 68132        cutoff            853,0000      781,3529  6025852    8,40%
 155954 69032        cutoff            853,0000      782,5572  6183476    8,26%
 160659 70289      801,0101   255      853,0000      784,0254  6407652    8,09%
 164891 71025      841,0684   216      853,0000      785,3983  6544291    7,93%
 169420 72071      842,7091   260      853,0000      786,7830  6725426    7,76%
 173775 73119      838,3611   214      853,0000      788,0977  6937446    7,61%
 178636 73770      847,2532   208      853,0000      789,2444  7052053    7,47%
Elapsed time = 49,76 sec. (44669,19 ticks, tree = 576,42 MB, solutions = 10)
 182939 74464      847,2381   219      853,0000      790,2817  7198879    7,35%
 187907 75196      840,6000   211      853,0000      791,4759  7360075    7,21%
 192222 76078        cutoff            853,0000      792,5523  7558878    7,09%
 196896 76626      830,5606   262      853,0000      793,7398  7701024    6,95%
 201241 77363      843,8052   243      853,0000      794,7696  7900956    6,83%
 205906 77938      838,0000   253      853,0000      795,7333  8084290    6,71%
 210739 78413      828,0383   251      853,0000      796,8118  8239692    6,59%
 215200 78699      851,8211   237      853,0000      797,8340  8354364    6,47%
 220219 79199      850,3965   240      853,0000      798,9815  8580334    6,33%
 224579 79461      849,0000   210      853,0000      799,9924  8723217    6,21%
Elapsed time = 60,40 sec. (54207,64 ticks, tree = 621,71 MB, solutions = 10)
 229197 79674      848,7273   256      853,0000      801,0606  8867148    6,09%
 233959 79848        cutoff            853,0000      802,2424  9093924    5,95%
 238649 79941      819,2182   250      853,0000      803,1667  9193623    5,84%
 243637 79969        cutoff            853,0000      804,2333  9390101    5,72%
 248119 79972        cutoff            853,0000      805,2235  9539567    5,60%
 253355 79763        cutoff            853,0000      806,3324  9708301    5,47%
 257879 79493        cutoff            853,0000      807,2953  9885365    5,36%
 262670 79121        cutoff            853,0000      808,2864 10049735    5,24%
 267452 78624        cutoff            853,0000      809,3818 10210566    5,11%
 272402 78249        cutoff            853,0000      810,3003 10323184    5,01%
Elapsed time = 71,35 sec. (63746,99 ticks, tree = 604,72 MB, solutions = 10)
 277431 77387        cutoff            853,0000      811,3420 10517115    4,88%
 282249 76558      848,0111   243      853,0000      812,3615 10702018    4,76%
 287513 75829      844,8833   228      853,0000      813,3934 10813139    4,64%
 292222 74725      840,9000   242      853,0000      814,4924 10976923    4,51%
 297331 73260      837,0000   257      853,0000      815,4805 11170755    4,40%
 302270 72542        cutoff            853,0000      816,6691 11246837    4,26%
 307501 70989      849,1636   249      853,0000      817,6409 11431889    4,15%
 312726 68881        cutoff            853,0000      818,7005 11620515    4,02%
 317699 67085      848,0444   235      853,0000      819,8129 11810105    3,89%
 323231 65803        cutoff            853,0000      821,0202 11901472    3,75%
Elapsed time = 82,67 sec. (73284,46 ticks, tree = 504,38 MB, solutions = 10)
 328248 62830        cutoff            853,0000      822,1481 12107623    3,62%
 333636 60702        cutoff            853,0000      823,2333 12257316    3,49%
 339023 58530        cutoff            853,0000      824,6346 12367942    3,33%
 344579 55547      842,3000   234      853,0000      826,0985 12556248    3,15%
 350292 52211        cutoff            853,0000      827,4992 12703669    2,99%
 356095 48523        cutoff            853,0000      828,9818 12887655    2,82%
 361758 44571        cutoff            853,0000      830,5111 13050526    2,64%
 367764 40392      844,1818   253      853,0000      832,1500 13200151    2,44%
 373878 36118        cutoff            853,0000      833,9715 13348538    2,23%
 380183 30520        cutoff            853,0000      835,9182 13515497    2,00%
Elapsed time = 95,25 sec. (82823,14 ticks, tree = 225,54 MB, solutions = 10)
 387043 24740        cutoff            853,0000      838,1091 13660956    1,75%
 394661 17838        cutoff            853,0000      840,8955 13809381    1,42%
 403722  9031        cutoff            853,0000      845,0833 13940111    0,93%

Clique cuts applied:  36
Cover cuts applied:  670
Flow cuts applied:  35
Mixed integer rounding cuts applied:  306
Zero-half cuts applied:  112
Lift and project cuts applied:  30
Gomory fractional cuts applied:  58

Root node processing (before b&c):
  Real time             =    1,65 sec. (1176,03 ticks)
Parallel b&c, 16 threads:
  Real time             =   99,69 sec. (85161,00 ticks)
  Sync time (average)   =   17,00 sec.
  Wait time (average)   =    0,03 sec.
                          ------------
Total (root+branch&cut) =  101,35 sec. (86337,03 ticks)
