Version identifier: 12.10.0.0 | 2019-11-26 | 843d4de
CPXPARAM_WorkMem                                 16384
CPXPARAM_MIP_Limits_TreeMemory                   24576
Tried aggregator 2 times.
Aggregator did 100 substitutions.
Reduced MIP has 424 rows, 480 columns, and 1984 nonzeros.
Reduced MIP has 480 binaries, 0 generals, 0 SOSs, and 0 indicators.
Presolve time = 0,00 sec. (1,90 ticks)
Found incumbent of value 1424,000000 after 0,00 sec. (2,99 ticks)
Probing time = 0,00 sec. (0,96 ticks)
Tried aggregator 1 time.
Detecting symmetries...
MIP Presolve eliminated 96 rows and 0 columns.
MIP Presolve added 192 rows and 0 columns.
Reduced MIP has 520 rows, 480 columns, and 2080 nonzeros.
Reduced MIP has 480 binaries, 0 generals, 0 SOSs, and 0 indicators.
Presolve time = 0,00 sec. (2,61 ticks)
Probing time = 0,00 sec. (0,94 ticks)
Clique table members: 1444.
MIP emphasis: balance optimality and feasibility.
MIP search method: dynamic search.
Parallel mode: deterministic, using up to 16 threads.
Root relaxation solution time = 0,01 sec. (3,31 ticks)

        Nodes                                         Cuts/
   Node  Left     Objective  IInf  Best Integer    Best Bound    ItCnt     Gap

*     0+    0                         1424,0000        0,0000           100,00%
*     0+    0                          940,0000        0,0000           100,00%
      0     0      356,0000   468      940,0000      356,0000      197   62,13%
      0     0      362,0914   468      940,0000     Cuts: 230      538   61,48%
      0     0      366,2621   468      940,0000     Cuts: 230      646   61,04%
*     0+    0                          889,0000      366,2621            58,80%
      0     0      367,1724   468      889,0000     Cuts: 230      697   58,70%
      0     0      368,1495   468      889,0000  ZeroHalf: 16      788   58,59%
      0     0      369,9380   468      889,0000     Cuts: 117      894   58,39%
      0     0      421,8493   468      889,0000     Cuts: 230     1445   52,55%
*     0+    0                          885,0000      421,8493            52,33%
      0     0      426,6861   468      885,0000     Cuts: 230     1667   51,79%
      0     0      427,8020   468      885,0000     Cuts: 204     1723   51,66%
      0     0      428,4982   468      885,0000  ZeroHalf: 21     1773   51,58%
      0     0      428,9539   468      885,0000  ZeroHalf: 18     1814   51,53%
      0     0      429,9463   468      885,0000      Cuts: 25     1901   51,42%
      0     0      430,3731   468      885,0000      Cuts: 48     1943   51,37%
*     0+    0                          883,0000      430,3731            51,26%
      0     0      431,3811   468      883,0000  ZeroHalf: 22     2008   51,15%
      0     0      432,2311   468      883,0000  ZeroHalf: 19     2096   51,05%
      0     0      432,6318   468      883,0000      Cuts: 81     2151   51,00%
      0     0      433,9702   468      883,0000  ZeroHalf: 24     2219   50,85%
      0     0      434,2961   468      883,0000  ZeroHalf: 18     2275   50,82%
      0     0      434,8602   468      883,0000      Cuts: 22     2339   50,75%
      0     0      435,7138   468      883,0000      Cuts: 29     2453   50,66%
      0     0      436,3135   468      883,0000      Cuts: 35     2502   50,59%
      0     0      436,9432   468      883,0000  ZeroHalf: 25     2640   50,52%
      0     0      437,7618   468      883,0000     Cuts: 230     2725   50,42%
      0     0      438,0810   468      883,0000  ZeroHalf: 27     2822   50,39%
      0     0      438,4134   468      883,0000  ZeroHalf: 28     2916   50,35%
      0     0      439,1797   468      883,0000     Cuts: 106     3017   50,26%
      0     0      439,6933   468      883,0000  ZeroHalf: 30     3135   50,20%
      0     0      440,0318   468      883,0000      Cuts: 91     3221   50,17%
      0     0      440,5253   468      883,0000      Cuts: 63     3324   50,11%
      0     0      445,2182   468      883,0000      Cuts: 62     3585   49,58%
      0     0      447,2272   468      883,0000     Cuts: 230     3727   49,35%
      0     0      448,2917   468      883,0000      Cuts: 31     3894   49,23%
*     0+    0                          874,0000      448,2917            48,71%
      0     0      449,2294   468      874,0000     Cuts: 162     3995   48,60%
      0     0      449,7215   468      874,0000      Cuts: 71     4160   48,54%
      0     0      450,2504   468      874,0000     Cuts: 162     4244   48,48%
      0     0      450,6902   468      874,0000  ZeroHalf: 22     4346   48,43%
      0     0      451,4194   468      874,0000      Cuts: 50     4487   48,35%
      0     0      452,0810   468      874,0000     Cuts: 171     4705   48,27%
      0     0      452,8887   468      874,0000      Cuts: 91     4867   48,18%
      0     0      453,2824   468      874,0000     Cuts: 221     4988   48,14%
      0     0      453,8365   468      874,0000      Cuts: 40     5139   48,07%
      0     0      454,8901   468      874,0000     Cuts: 197     5289   47,95%
      0     0      455,1460   468      874,0000      Cuts: 66     5379   47,92%
      0     0      455,3705   468      874,0000  ZeroHalf: 25     5488   47,90%
      0     0      456,1372   468      874,0000     Cuts: 183     5636   47,81%
      0     0      456,5708   468      874,0000      Cuts: 26     5786   44,10%
      0     0      457,5215   468      874,0000      Cuts: 71     5969   44,10%
      0     2      457,5215   456      874,0000      488,5714     5969   44,10%
Elapsed time = 2,05 sec. (1466,67 ticks, tree = 0,02 MB, solutions = 6)
    969   706      587,3058   357      874,0000      496,2546    39461   43,22%
   1559  1166      571,5034   395      874,0000      504,0154    71465   42,33%
   1643  1225      676,1664   319      874,0000      504,0154    81605   42,33%
   1671  1271      661,3597   319      874,0000      512,3535    84870   41,38%
   2450  1098      872,6667   105      874,0000      537,4609    68629   38,51%
   3615  2496      768,3787   149      874,0000      548,6070   160720   37,23%

Performing restart 1

Repeating presolve.
Tried aggregator 2 times.
MIP Presolve eliminated 46 rows and 24 columns.
MIP Presolve added 18 rows and 0 columns.
MIP Presolve modified 45 coefficients.
Aggregator did 12 substitutions.
Reduced MIP has 480 rows, 444 columns, and 1885 nonzeros.
Reduced MIP has 444 binaries, 0 generals, 0 SOSs, and 0 indicators.
Presolve time = 0,00 sec. (2,59 ticks)
Tried aggregator 1 time.
Reduced MIP has 480 rows, 444 columns, and 1885 nonzeros.
Reduced MIP has 444 binaries, 0 generals, 0 SOSs, and 0 indicators.
Presolve time = 0,00 sec. (1,52 ticks)
Represolve time = 0,04 sec. (26,33 ticks)
   4591     0      459,7162   444      874,0000      Cuts: 53   236412   32,04%
   4591     0      462,4366   444      874,0000      Cuts: 60   236755   32,04%
   4591     0      465,6208   444      874,0000      Cuts: 43   237070   32,04%
   4591     0      468,5912   444      874,0000      Cuts: 56   237410   32,04%
   4591     2      468,5912   444      874,0000      594,0090   237410   32,04%
   4593     3      471,6836   443      874,0000      594,0090   237741   32,04%
   4601     9      743,5000   202      874,0000      594,0090   241109   32,04%
   7141  1813      769,5107   297      874,0000      594,0090   340725   32,04%
Elapsed time = 6,70 sec. (5768,88 ticks, tree = 9,36 MB, solutions = 6)
   9975  4395      834,2082   276      874,0000      594,0090   469068   32,04%

Performing restart 2

Repeating presolve.
Tried aggregator 1 time.
Reduced MIP has 480 rows, 444 columns, and 1885 nonzeros.
Reduced MIP has 444 binaries, 0 generals, 0 SOSs, and 0 indicators.
Presolve time = 0,00 sec. (1,13 ticks)
Tried aggregator 1 time.
Reduced MIP has 480 rows, 444 columns, and 1885 nonzeros.
Reduced MIP has 444 binaries, 0 generals, 0 SOSs, and 0 indicators.
Presolve time = 0,02 sec. (1,52 ticks)
Represolve time = 0,07 sec. (32,82 ticks)
  10584     0      472,8820   444      874,0000      Cuts: 55   504474   32,04%
  10584     0      474,8231   444      874,0000      Cuts: 43   504776   32,04%
  10584     0      478,8626   444      874,0000      Cuts: 50   505189   32,04%
  10584     0      480,0895   444      874,0000      Cuts: 42   505483   32,04%
  10584     0      482,2203   444      874,0000      Cuts: 24   505798   32,04%
  10584     0      483,1633   444      874,0000      Cuts: 97   506083   32,04%
  10584     2      483,1633   444      874,0000      594,0090   506083   32,04%
  15857  4327      691,5375   293      874,0000      594,0090   660989   32,04%
  18778  6669      788,0711   247      874,0000      594,0090   869651   32,04%
* 21710+ 9003                          869,0000      596,0002            31,42%
  22276  9271      686,2050   336      869,0000      618,5775  1099448   28,82%
  26558 12634      860,7659   109      869,0000      667,6190  1287587   23,17%
  31102 15828      727,1942   314      869,0000      679,6281  1447156   21,79%
  36270 19815      825,7363   163      869,0000      690,3206  1633153   20,56%
  41100 23015      782,8429   258      869,0000      700,2783  1781818   19,42%
  45578 26279      827,0199   240      869,0000      706,7608  1951464   18,67%
Elapsed time = 18,08 sec. (16460,00 ticks, tree = 127,24 MB, solutions = 7)
  49857 29237      771,5949   237      869,0000      711,5521  2123434   18,12%
  54057 32322      867,6434   126      869,0000      716,3322  2308302   17,57%
  58562 35357      812,1500   217      869,0000      720,4633  2497041   17,09%
  62791 37781      825,1827   230      869,0000      724,5790  2658361   16,62%
  67238 40902        cutoff            869,0000      727,7140  2854040   16,26%
  71679 43636      794,4650   265      869,0000      730,7649  3015984   15,91%
  76214 46831      867,3393   137      869,0000      734,2054  3217052   15,51%
  80669 49761      783,3274   290      869,0000      736,5753  3402871   15,24%
  85492 52629      819,7680   256      869,0000      739,3079  3561883   14,92%
  89792 55462      850,0870   163      869,0000      741,9910  3744757   14,62%
Elapsed time = 28,33 sec. (25999,52 ticks, tree = 343,10 MB, solutions = 7)
  94434 58598      801,1183   260      869,0000      744,0917  3925605   14,37%
  99123 60298      865,8197   237      869,0000      746,4750  4042175   14,10%
 103502 63726      810,7356   263      869,0000      748,5687  4246147   13,86%
 107886 66588      840,0896   259      869,0000      750,8772  4448843   13,59%
 112364 68829      798,0564   237      869,0000      752,9417  4586012   13,36%
 117071 71010      864,9412    94      869,0000      755,0862  4746899   13,11%
 121699 74666      780,9533   280      869,0000      757,0914  4968395   12,88%
*122463+74345                          864,0000      757,3449            12,34%
 125184 74883      862,5429   156      864,0000      758,3321  5136103   12,23%
 128638 75891      833,9833   196      864,0000      760,0723  5202469   12,03%
 132793 78081      851,5944   222      864,0000      760,9306  5354254   11,93%
Elapsed time = 38,81 sec. (35538,40 ticks, tree = 552,75 MB, solutions = 8)
 137609 80407      861,0833   200      864,0000      762,8826  5531104   11,70%
 141749 83003        cutoff            864,0000      764,7535  5711819   11,49%
 146385 84965      823,7119   273      864,0000      766,5636  5873099   11,28%
 150887 87446      840,4000   214      864,0000      768,1076  6042767   11,10%
 155750 89796      790,2527   263      864,0000      769,4169  6239950   10,95%
 160440 92359        cutoff            864,0000      770,7934  6417803   10,79%
 165317 94152      861,7384   214      864,0000      772,1853  6577416   10,63%
 170044 97558      834,5750   219      864,0000      773,5739  6808326   10,47%
 174506 98474      831,9801   246      864,0000      774,8153  6894891   10,32%
 179578 101849        cutoff            864,0000      776,2775  7144719   10,15%
Elapsed time = 49,29 sec. (45076,68 ticks, tree = 778,00 MB, solutions = 8)
 184252 102856      861,9403   174      864,0000      777,1890  7236966   10,05%
 189378 106190        cutoff            864,0000      778,5999  7490425    9,88%
 194013 108013      826,9773   258      864,0000      779,5904  7657845    9,77%
 198837 109211      855,5929   171      864,0000      780,8292  7749666    9,63%
 203388 111812      842,2881   222      864,0000      782,0195  7966389    9,49%
 208688 113810      836,1000   244      864,0000      782,9906  8134978    9,38%
 213527 115993      808,0606   270      864,0000      784,0761  8306180    9,25%
 218550 117954        cutoff            864,0000      785,1623  8485309    9,12%
 223395 119722      844,0762   226      864,0000      786,2610  8637720    9,00%
 228291 121250        cutoff            864,0000      787,1733  8784251    8,89%
Elapsed time = 59,85 sec. (54616,83 ticks, tree = 939,50 MB, solutions = 8)
 233239 122972      849,2667   229      864,0000      788,2000  8926204    8,77%
 238058 125438      828,8375   227      864,0000      789,0523  9167795    8,67%
 243435 127263        cutoff            864,0000      790,0482  9315907    8,56%
 248171 129145      809,4000   232      864,0000      790,8618  9495938    8,47%
 253620 130954      842,0727   241      864,0000      791,8577  9665295    8,35%
 258411 132790      847,8667   233      864,0000      792,7068  9844004    8,25%
 263395 134071        cutoff            864,0000      793,5629  9976170    8,15%
 268428 135617      818,8510   247      864,0000      794,4167 10114545    8,05%
 273465 137379      859,4500   119      864,0000      795,2017 10322764    7,96%
 278976 138762      853,6857   223      864,0000      796,0985 10455135    7,86%
Elapsed time = 70,39 sec. (64155,67 ticks, tree = 1114,25 MB, solutions = 8)
 283762 140233      845,8333   197      864,0000      796,9067 10604417    7,77%
 289372 141920        cutoff            864,0000      797,7588 10789363    7,67%
 294256 143855        cutoff            864,0000      798,5990 11001894    7,57%
 299382 144853        cutoff            864,0000      799,3232 11124945    7,49%
 304561 145983        cutoff            864,0000      800,1583 11242696    7,39%
 309485 147416        cutoff            864,0000      800,8877 11416178    7,30%
 315139 149095        cutoff            864,0000      801,6178 11625449    7,22%
 320040 149958        cutoff            864,0000      802,3405 11727575    7,14%
 325709 151929      859,7500   206      864,0000      803,0884 11983349    7,05%
 331040 153151      855,2778   207      864,0000      803,7795 12123304    6,97%
Elapsed time = 80,93 sec. (73693,84 ticks, tree = 1251,16 MB, solutions = 8)
 336241 153971      840,6071   178      864,0000      804,4730 12246465    6,89%
 341702 155177      851,7111   220      864,0000      805,3686 12403254    6,79%
 346712 156561      852,3968   180      864,0000      806,0441 12608116    6,71%
 352605 157466        cutoff            864,0000      806,6839 12746252    6,63%
 357912 158648      838,9722   213      864,0000      807,4091 12897902    6,55%
 363415 159952      850,8159   239      864,0000      807,9697 13120427    6,48%
 369008 160606      825,9000   206      864,0000      808,7724 13216614    6,39%
 374139 161759        cutoff            864,0000      809,4250 13409718    6,32%
 379707 162960      824,9773   238      864,0000      810,0670 13612824    6,24%
 384881 163903      833,8636   238      864,0000      810,7663 13772421    6,16%
Elapsed time = 91,69 sec. (83231,58 ticks, tree = 1341,93 MB, solutions = 8)
 390652 164428      851,0000   188      864,0000      811,3000 13877991    6,10%
 396190 165702      842,3091   237      864,0000      812,0417 14104880    6,01%
 401578 166347        cutoff            864,0000      812,6035 14248820    5,95%
 407551 166915        cutoff            864,0000      813,2727 14354844    5,87%
 412832 167849        cutoff            864,0000      813,8398 14559473    5,81%
 418785 168743        cutoff            864,0000      814,4259 14749669    5,74%
 424043 169091        cutoff            864,0000      815,0819 14830081    5,66%
 429459 169956      847,3000   234      864,0000      815,6042 15051779    5,60%
 435470 170448      837,4545   251      864,0000      816,2536 15173213    5,53%
 458172 172562      856,0125   216      864,0000      818,5167 15878668    5,26%
Elapsed time = 106,19 sec. (95631,10 ticks, tree = 1403,13 MB, solutions = 8)
 481819 173985        cutoff            864,0000      820,7294 16466649    5,01%
 505470 175133        cutoff            864,0000      822,8333 17174240    4,76%
 529743 175348      844,1375   224      864,0000      824,9313 17759123    4,52%
 553987 174986        cutoff            864,0000      826,8375 18332256    4,30%
 578807 173875        cutoff            864,0000      828,7297 18952603    4,08%
 603793 171575        cutoff            864,0000      830,5556 19644770    3,87%
 629583 168737      856,0123   231      864,0000      832,3295 20266258    3,67%
 655611 165205      848,0667   229      864,0000      834,0652 20850804    3,46%
 681309 159822        cutoff            864,0000      835,7222 21556217    3,27%
 708252 153672        cutoff            864,0000      837,3000 22182123    3,09%
Elapsed time = 152,20 sec. (133779,64 ticks, tree = 1203,96 MB, solutions = 8)
 734591 146361      856,4444   186      864,0000      838,9444 22804619    2,90%
 761736 138781        cutoff            864,0000      840,5556 23355971    2,71%
 789611 127019        cutoff            864,0000      842,1587 24078691    2,53%
 817472 116012        cutoff            864,0000      843,7667 24633995    2,34%
 846116 102335        cutoff            864,0000      845,4029 25224326    2,15%
 875231 88292      853,5714   200      864,0000      847,2000 25759796    1,94%
 905776 67051        cutoff            864,0000      849,4196 26451379    1,69%
 938145 43582        cutoff            864,0000      852,4290 27070021    1,34%
 975881  8133        cutoff            864,0000      858,6111 27632099    0,62%

Clique cuts applied:  33
Cover cuts applied:  690
Flow cuts applied:  42
Mixed integer rounding cuts applied:  328
Zero-half cuts applied:  96
Lift and project cuts applied:  43
Gomory fractional cuts applied:  59

Root node processing (before b&c):
  Real time             =    2,03 sec. (1464,02 ticks)
Parallel b&c, 16 threads:
  Real time             =  199,88 sec. (167176,72 ticks)
  Sync time (average)   =   34,28 sec.
  Wait time (average)   =    0,06 sec.
                          ------------
Total (root+branch&cut) =  201,92 sec. (168640,74 ticks)
