Version identifier: 12.10.0.0 | 2019-11-26 | 843d4de
CPXPARAM_WorkMem                                 16384
CPXPARAM_MIP_Limits_TreeMemory                   24576
Tried aggregator 2 times.
Aggregator did 100 substitutions.
Reduced MIP has 424 rows, 480 columns, and 1872 nonzeros.
Reduced MIP has 480 binaries, 0 generals, 0 SOSs, and 0 indicators.
Presolve time = 0,00 sec. (1,84 ticks)
Found incumbent of value 1312,000000 after 0,01 sec. (2,90 ticks)
Probing time = 0,00 sec. (0,86 ticks)
Tried aggregator 1 time.
Detecting symmetries...
MIP Presolve eliminated 116 rows and 0 columns.
MIP Presolve added 232 rows and 0 columns.
Reduced MIP has 540 rows, 480 columns, and 1988 nonzeros.
Reduced MIP has 480 binaries, 0 generals, 0 SOSs, and 0 indicators.
Presolve time = 0,00 sec. (2,56 ticks)
Probing time = 0,00 sec. (0,83 ticks)
Clique table members: 1332.
MIP emphasis: balance optimality and feasibility.
MIP search method: dynamic search.
Parallel mode: deterministic, using up to 16 threads.
Root relaxation solution time = 0,01 sec. (4,36 ticks)

        Nodes                                         Cuts/
   Node  Left     Objective  IInf  Best Integer    Best Bound    ItCnt     Gap

*     0+    0                         1312,0000        0,0000           100,00%
*     0+    0                          824,0000        0,0000           100,00%
      0     0      328,0000   476      824,0000      328,0000      245   60,19%
      0     0      335,5902   476      824,0000     Cuts: 180      359   59,27%
      0     0      338,8451   476      824,0000      Cuts: 80      461   58,88%
      0     0      339,6933   476      824,0000     Cuts: 182      516   58,78%
*     0+    0                          776,0000      339,6933            56,23%
      0     0      340,3318   476      776,0000      Cuts: 62      555   56,14%
      0     0      341,3167   476      776,0000     Cuts: 143      618   56,02%
      0     0      380,1289   476      776,0000     Cuts: 235     1140   51,01%
      0     0      384,0370   476      776,0000     Cuts: 235     1301   50,51%
      0     0      384,8351   476      776,0000      Cuts: 67     1361   50,41%
      0     0      385,6158   476      776,0000      Cuts: 22     1416   50,31%
      0     0      386,5780   476      776,0000  ZeroHalf: 22     1502   50,18%
      0     0      387,8468   476      776,0000      Cuts: 84     1598   50,02%
      0     0      388,5814   476      776,0000  ZeroHalf: 26     1664   49,93%
      0     0      389,1982   476      776,0000  ZeroHalf: 33     1758   49,85%
      0     0      389,6504   476      776,0000      Cuts: 22     1811   49,79%
      0     0      389,9163   476      776,0000      Cuts: 60     1884   49,75%
      0     0      390,2727   476      776,0000  ZeroHalf: 29     1957   49,71%
      0     0      390,5272   476      776,0000      Cuts: 27     2056   49,67%
      0     0      391,1344   476      776,0000      Cuts: 45     2141   49,60%
      0     0      391,3386   476      776,0000  ZeroHalf: 35     2244   49,57%
      0     0      391,7717   476      776,0000      Cuts: 49     2337   49,51%
      0     0      392,1565   476      776,0000      Cuts: 25     2442   49,46%
      0     0      392,3047   476      776,0000  ZeroHalf: 23     2562   49,39%
      0     0      395,5850   476      776,0000     Cuts: 152     2814   49,02%
      0     0      396,8271   476      776,0000      Cuts: 56     2999   48,86%
      0     0      397,4805   476      776,0000      Cuts: 43     3138   48,78%
      0     0      398,3236   476      776,0000     Cuts: 104     3239   48,67%
      0     0      398,7269   476      776,0000      Cuts: 33     3332   48,62%
      0     0      399,0388   476      776,0000      Cuts: 36     3492   48,58%
      0     0      399,5140   476      776,0000      Cuts: 84     3621   48,52%
      0     0      400,5782   476      776,0000     Cuts: 235     3807   48,38%
      0     0      401,1369   476      776,0000      Cuts: 39     3960   48,31%
      0     0      401,5149   476      776,0000      Cuts: 31     4106   48,26%
      0     0      401,7931   476      776,0000     Cuts: 189     4194   48,22%
      0     0      402,1372   476      776,0000  ZeroHalf: 33     4292   48,18%
      0     0      402,5121   476      776,0000      Cuts: 60     4432   48,13%
      0     0      402,6599   476      776,0000     Cuts: 140     4526   48,11%
      0     0      402,9996   476      776,0000      Cuts: 34     4698   48,07%
      0     0      403,2948   476      776,0000      Cuts: 97     4819   48,03%
      0     0      403,5153   476      776,0000  ZeroHalf: 23     4927   48,00%
      0     0      403,6955   476      776,0000      Cuts: 74     5019   47,98%
      0     0      403,8322   476      776,0000      Cuts: 36     5119   47,96%
*     0+    0                          774,0000      403,8322            47,83%
      0     0      404,1312   476      774,0000      Cuts: 47     5253   47,79%
      0     0      404,4629   476      774,0000     Cuts: 110     5392   47,74%
      0     0      404,6493   476      774,0000      Cuts: 35     5517   47,72%
      0     0      404,8082   476      774,0000     Cuts: 195     5593   47,70%
      0     2      404,8082   461      774,0000      404,8082     5593   47,70%
Elapsed time = 1,88 sec. (1329,82 ticks, tree = 0,02 MB, solutions = 4)
    177   113      638,5596   136      774,0000      446,7364    25984   42,28%
   1349   899      749,0000    30      774,0000      446,7364    74279   42,28%
   1629  1096      641,7655   265      774,0000      492,4214    95233   36,38%
   1639   499      564,0213   357      774,0000      492,4214    43858   36,38%
   2093  1218      657,8407   260      774,0000      500,8159   103061   35,30%
   3012  2108      626,5397   326      774,0000      500,8500   156093   35,29%
   4325  2826      663,1644   261      774,0000      533,9524   203762   31,01%

Performing restart 1

Repeating presolve.
Tried aggregator 2 times.
MIP Presolve eliminated 28 rows and 18 columns.
MIP Presolve added 18 rows and 0 columns.
MIP Presolve modified 36 coefficients.
Aggregator did 3 substitutions.
Reduced MIP has 527 rows, 459 columns, and 1869 nonzeros.
Reduced MIP has 459 binaries, 0 generals, 0 SOSs, and 0 indicators.
Presolve time = 0,00 sec. (2,54 ticks)
Tried aggregator 1 time.
Reduced MIP has 527 rows, 459 columns, and 1869 nonzeros.
Reduced MIP has 459 binaries, 0 generals, 0 SOSs, and 0 indicators.
Presolve time = 0,00 sec. (1,55 ticks)
Represolve time = 0,05 sec. (28,02 ticks)
   4733     0      408,7124   458      774,0000      Cuts: 46   264683   28,89%
   4733     0      412,0558   458      774,0000      Cuts: 46   264991   28,89%
   4733     0      415,9057   458      774,0000      Cuts: 56   265348   28,89%
   4733     0      418,7799   458      774,0000      Cuts: 84   265711   28,89%
   4733     2      418,7799   459      774,0000      550,4206   265711   28,89%
   4734     3      432,6664   445      774,0000      550,4206   266739   28,89%
*  5335+    8                          770,0000      550,4206            28,52%
   6152   880      688,6825   287      770,0000      550,4206   320801   28,52%
Elapsed time = 6,12 sec. (5355,46 ticks, tree = 2,98 MB, solutions = 5)
   9064  3621      757,4917   131      770,0000      550,4206   462576   28,52%

Performing restart 2

Repeating presolve.
Tried aggregator 1 time.
Reduced MIP has 527 rows, 459 columns, and 1869 nonzeros.
Reduced MIP has 459 binaries, 0 generals, 0 SOSs, and 0 indicators.
Presolve time = 0,00 sec. (1,15 ticks)
Tried aggregator 1 time.
Reduced MIP has 527 rows, 459 columns, and 1869 nonzeros.
Reduced MIP has 459 binaries, 0 generals, 0 SOSs, and 0 indicators.
Presolve time = 0,00 sec. (1,55 ticks)
Represolve time = 0,05 sec. (34,75 ticks)
  10820     0      421,7821   459      770,0000      Cuts: 45   551151   28,52%
  10820     0      424,5141   459      770,0000      Cuts: 44   551513   28,52%
  10820     0      428,1875   459      770,0000      Cuts: 52   551932   28,52%
  10820     0      429,3468   459      770,0000      Cuts: 46   552287   28,52%
  10820     0      430,1671   459      770,0000      Cuts: 73   552558   28,52%
  10820     0      431,2301   459      770,0000      Cuts: 40   552777   28,52%
  10820     2      431,2301   459      770,0000      550,4206   552777   28,52%
  14829  3131      670,8199   271      770,0000      550,4206   673206   28,52%
  18770  6151      686,4597   234      770,0000      550,4206   842448   28,52%
  23212  9311      761,3333    16      770,0000      589,6201  1022911   23,43%
  28089 12785      702,3232   269      770,0000      603,1626  1198668   21,67%
  32845 16441      750,7125   167      770,0000      613,6019  1395095   20,31%
  37556 19392      701,8968   281      770,0000      622,8213  1558294   19,11%
  42695 22865      741,9583    98      770,0000      629,4015  1739756   18,26%
  47699 26468      664,7538   321      770,0000      635,3972  1930822   17,48%
Elapsed time = 18,06 sec. (16593,52 ticks, tree = 173,29 MB, solutions = 5)
  52589 29635      764,1667    15      770,0000      640,6583  2105186   16,80%
  57458 33432      747,9117   201      770,0000      645,6117  2324507   16,15%
  62229 35790        cutoff            770,0000      649,5938  2463274   15,64%
  67426 39562      679,7564   314      770,0000      653,1949  2683107   15,17%
  72556 42079      751,4802   173      770,0000      656,6836  2835093   14,72%
  77457 45840      695,8788   291      770,0000      660,0389  3060828   14,28%
  82588 48890        cutoff            770,0000      662,7324  3225009   13,93%
  87814 52335      707,7197   285      770,0000      665,5453  3429302   13,57%
  92919 55072      713,9333   294      770,0000      667,8716  3579718   13,26%
  98092 58318      767,0297   188      770,0000      670,1048  3787602   12,97%
Elapsed time = 28,62 sec. (26131,87 ticks, tree = 411,96 MB, solutions = 5)
 103115 61664      743,2505   261      770,0000      672,2776  3988206   12,69%
 108381 63713      762,2955   228      770,0000      674,7961  4113705   12,36%
 113441 66995        cutoff            770,0000      676,8741  4307484   12,09%
*118152 69984      integral     0      769,0000      678,5754  4492890   11,76%
 119003 70087      711,8796   261      769,0000      679,1167  4499665   11,69%
*121269+71325                          765,0000      679,9210            11,12%
 124051 70925      734,6667   253      765,0000      681,1279  4710708   10,96%
 129637 73880      717,2455   285      765,0000      683,0022  4900894   10,72%
 134661 76293      755,7041   246      765,0000      684,6444  5073047   10,50%
 139975 78979      760,1866   217      765,0000      686,7833  5251366   10,22%
 145167 81048      718,8091   269      765,0000      688,3741  5414941   10,02%
 150697 83010      754,7556   209      765,0000      689,9921  5549376    9,80%
Elapsed time = 39,28 sec. (35670,92 ticks, tree = 611,68 MB, solutions = 7)
 155986 85530        cutoff            765,0000      691,5095  5741531    9,61%
 161497 88203      754,5904   254      765,0000      693,1667  5928844    9,39%
 166995 90201      720,8235   290      765,0000      694,7130  6086797    9,19%
 172207 93017        cutoff            765,0000      696,1803  6300678    9,00%
 177752 95276        cutoff            765,0000      697,5744  6489882    8,81%
 183269 96983        cutoff            765,0000      698,7969  6615771    8,65%
 188951 99430        cutoff            765,0000      699,9878  6828719    8,50%
 194636 101016        cutoff            765,0000      701,2681  6947751    8,33%
 200347 103940        cutoff            765,0000      702,4657  7200512    8,17%
 205880 106032      730,0356   267      765,0000      703,6735  7362815    8,02%
Elapsed time = 49,90 sec. (45209,53 ticks, tree = 794,95 MB, solutions = 7)
 211736 107140        cutoff            765,0000      704,8235  7463144    7,87%
 217485 109826      760,5714   246      765,0000      705,9472  7678509    7,72%
 223350 112052      741,7485   265      765,0000      706,9810  7892209    7,58%
 229300 114049      732,4800   253      765,0000      708,0536  8063308    7,44%
 235206 115403        cutoff            765,0000      709,0778  8210277    7,31%
 241121 117729      727,1545   266      765,0000      710,1512  8416994    7,17%
 246809 119107      763,6224   224      765,0000      711,1080  8570168    7,04%
 252970 120823      739,7403   247      765,0000      712,1472  8724860    6,91%
 258832 122042        cutoff            765,0000      712,9537  8866804    6,80%
 265069 123977      745,1636   252      765,0000      713,8987  9067070    6,68%
Elapsed time = 60,76 sec. (54747,28 ticks, tree = 936,16 MB, solutions = 7)
 270870 125271      731,2606   279      765,0000      714,6279  9214614    6,58%
 277200 126641        cutoff            765,0000      715,5120  9372623    6,47%
 282803 128071        cutoff            765,0000      716,3379  9548079    6,36%
 289178 129843        cutoff            765,0000      717,2747  9767968    6,24%
 295036 131192      762,1852   174      765,0000      718,1420  9955146    6,13%
 301423 132431      759,2000   249      765,0000      718,9659 10125249    6,02%
 307237 133131      745,5636   266      765,0000      719,7500 10252991    5,92%
 313759 133993        cutoff            765,0000      720,5618 10392671    5,81%
 319665 135259      748,6636   263      765,0000      721,2474 10592722    5,72%
 325921 136304      756,2000   220      765,0000      721,9647 10774045    5,63%
Elapsed time = 71,68 sec. (64285,32 ticks, tree = 1025,90 MB, solutions = 7)
 331905 137092      763,8611   218      765,0000      722,7475 10948989    5,52%
 338399 137742        cutoff            765,0000      723,5076 11081660    5,42%
 344322 138355        cutoff            765,0000      724,2525 11252758    5,33%
 351010 139181      749,4091   263      765,0000      724,8818 11459314    5,24%
 357133 139475      748,7778   211      765,0000      725,5727 11534825    5,15%
 363665 140100        cutoff            765,0000      726,2000 11791056    5,07%
 369761 140340        cutoff            765,0000      726,9877 11881500    4,97%
 376166 140745      750,4222   200      765,0000      727,6136 12082327    4,89%
 382647 140947      756,7333   244      765,0000      728,2905 12219108    4,80%
 388923 141138        cutoff            765,0000      728,8111 12396168    4,73%
Elapsed time = 82,73 sec. (73823,38 ticks, tree = 1046,29 MB, solutions = 7)
 395686 141303        cutoff            765,0000      729,5058 12586890    4,64%
 401874 141361        cutoff            765,0000      730,1556 12810541    4,55%
 408730 141404      749,6000   250      765,0000      730,7311 12920001    4,48%
 414663 141299      761,2000   242      765,0000      731,3500 13037308    4,40%
 421393 141084      754,9778   232      765,0000      731,9794 13264053    4,32%
 427867 140883      751,3000   250      765,0000      732,6753 13455656    4,23%
 434461 140688      752,7980   261      765,0000      733,2000 13586085    4,16%
 441184 140425        cutoff            765,0000      733,7636 13706703    4,08%
 447708 140035      763,5000   213      765,0000      734,4030 13910539    4,00%
 454642 139650      763,0852   195      765,0000      735,0000 14047414    3,92%
Elapsed time = 94,05 sec. (83361,21 ticks, tree = 1027,72 MB, solutions = 7)
 460743 139164      763,6889   235      765,0000      735,5000 14203506    3,86%
 467899 138436      762,6944   224      765,0000      736,1000 14398795    3,78%
 474418 137578        cutoff            765,0000      736,7273 14554878    3,70%
 481290 137023      763,5889   246      765,0000      737,1212 14675871    3,64%
 488226 135666        cutoff            765,0000      737,7556 14896221    3,56%
 494863 134653        cutoff            765,0000      738,3273 15071857    3,49%
 502144 133967      749,0364   267      765,0000      738,7500 15174788    3,43%
 508567 132631      750,3091   268      765,0000      739,4030 15341591    3,35%
 515630 130988        cutoff            765,0000      739,9371 15553945    3,28%
 543704 124382        cutoff            765,0000      742,0111 16189211    3,01%
Elapsed time = 109,28 sec. (95760,42 ticks, tree = 897,54 MB, solutions = 7)
 572447 115822        cutoff            765,0000      744,1169 16819054    2,73%
 601750 105034        cutoff            765,0000      746,1691 17434577    2,46%
 631837 91610        cutoff            765,0000      748,1250 18046506    2,21%
 663028 71370        cutoff            765,0000      750,5187 18754028    1,89%
 696311 48256        cutoff            765,0000      753,5938 19381292    1,49%
 734556 15698        cutoff            765,0000      758,3665 19968302    0,87%

Clique cuts applied:  35
Cover cuts applied:  616
Flow cuts applied:  28
Mixed integer rounding cuts applied:  266
Zero-half cuts applied:  109
Lift and project cuts applied:  24
Gomory fractional cuts applied:  61

Root node processing (before b&c):
  Real time             =    1,86 sec. (1327,05 ticks)
Parallel b&c, 16 threads:
  Real time             =  142,52 sec. (118437,61 ticks)
  Sync time (average)   =   25,12 sec.
  Wait time (average)   =    0,06 sec.
                          ------------
Total (root+branch&cut) =  144,38 sec. (119764,66 ticks)
