Version identifier: 12.10.0.0 | 2019-11-26 | 843d4de
CPXPARAM_WorkMem                                 16384
CPXPARAM_MIP_Limits_TreeMemory                   24576
Tried aggregator 2 times.
Aggregator did 100 substitutions.
Reduced MIP has 424 rows, 480 columns, and 1984 nonzeros.
Reduced MIP has 480 binaries, 0 generals, 0 SOSs, and 0 indicators.
Presolve time = 0,01 sec. (1,90 ticks)
Found incumbent of value 1424,000000 after 0,01 sec. (2,99 ticks)
Probing time = 0,00 sec. (0,97 ticks)
Tried aggregator 1 time.
Detecting symmetries...
MIP Presolve eliminated 92 rows and 0 columns.
MIP Presolve added 184 rows and 0 columns.
Reduced MIP has 516 rows, 480 columns, and 2076 nonzeros.
Reduced MIP has 480 binaries, 0 generals, 0 SOSs, and 0 indicators.
Presolve time = 0,00 sec. (2,60 ticks)
Probing time = 0,00 sec. (0,94 ticks)
Clique table members: 1444.
MIP emphasis: balance optimality and feasibility.
MIP search method: dynamic search.
Parallel mode: deterministic, using up to 16 threads.
Root relaxation solution time = 0,01 sec. (3,97 ticks)

        Nodes                                         Cuts/
   Node  Left     Objective  IInf  Best Integer    Best Bound    ItCnt     Gap

*     0+    0                         1424,0000        0,0000           100,00%
*     0+    0                          970,0000        0,0000           100,00%
      0     0      356,0000   476      970,0000      356,0000      265   63,30%
      0     0      365,2780   476      970,0000     Cuts: 196      494   62,34%
*     0+    0                          969,0000      365,2780            62,30%
      0     0      367,1310   476      969,0000     Cuts: 229      541   62,11%
*     0+    0                          962,0000      367,1310            61,84%
*     0+    0                          881,0000      367,1310            58,33%
      0     0      368,5392   476      881,0000      Cuts: 17      625   58,17%
      0     0      369,2992   476      881,0000     Cuts: 229      656   58,08%
      0     0      370,8092   476      881,0000      Cuts: 79      731   57,91%
      0     0      446,1537   476      881,0000     Cuts: 229     1418   49,36%
      0     0      451,7454   476      881,0000     Cuts: 229     1652   48,72%
      0     0      452,9314   476      881,0000     Cuts: 141     1746   48,59%
      0     0      453,7699   476      881,0000  ZeroHalf: 20     1835   48,49%
      0     0      454,4589   476      881,0000  ZeroHalf: 15     1944   48,42%
      0     0      455,2102   476      881,0000     Cuts: 140     2022   48,33%
      0     0      455,6525   476      881,0000  ZeroHalf: 19     2080   48,28%
      0     0      456,2260   476      881,0000      Cuts: 27     2156   48,21%
      0     0      456,7135   476      881,0000  ZeroHalf: 28     2274   48,16%
      0     0      456,9240   476      881,0000     Cuts: 129     2327   48,14%
      0     0      457,5801   476      881,0000      Cuts: 32     2441   48,06%
      0     0      457,9091   476      881,0000      Cuts: 21     2509   48,02%
      0     0      458,3203   476      881,0000  ZeroHalf: 29     2588   47,98%
      0     0      459,3598   476      881,0000     Cuts: 200     2690   47,86%
      0     0      459,6970   476      881,0000      Cuts: 46     2768   47,82%
      0     0      460,1252   476      881,0000      Cuts: 50     2836   47,77%
      0     0      460,3930   476      881,0000  ZeroHalf: 25     2918   47,74%
      0     0      460,6939   476      881,0000      Cuts: 29     2993   47,71%
      0     0      460,9965   476      881,0000  ZeroHalf: 33     3074   47,67%
      0     0      461,3781   476      881,0000      Cuts: 50     3178   47,63%
      0     0      461,5610   476      881,0000      Cuts: 40     3284   47,61%
      0     0      462,3477   476      881,0000      Cuts: 54     3384   47,52%
      0     0      462,5695   476      881,0000      Cuts: 37     3461   47,49%
      0     0      462,8061   476      881,0000      Cuts: 48     3544   47,47%
      0     0      462,9208   476      881,0000      Cuts: 67     3631   47,46%
      0     0      463,2744   476      881,0000     Cuts: 180     3739   47,41%
      0     0      463,7455   476      881,0000      Cuts: 26     3876   47,36%
      0     0      463,9114   476      881,0000      Cuts: 36     3980   47,34%
      0     0      464,2305   476      881,0000     Cuts: 149     4061   47,31%
      0     0      464,8812   476      881,0000  ZeroHalf: 37     4207   47,14%
      0     0      468,3471   476      881,0000      Cuts: 78     4520   46,84%
      0     0      469,7096   476      881,0000      Cuts: 68     4718   46,68%
      0     0      471,1776   476      881,0000     Cuts: 188     4905   46,52%
      0     0      471,6957   476      881,0000      Cuts: 32     5019   46,46%
      0     0      472,7014   476      881,0000      Cuts: 27     5192   46,34%
      0     0      473,6999   476      881,0000     Cuts: 229     5327   46,23%
      0     0      474,3300   476      881,0000      Cuts: 25     5425   46,16%
      0     0      474,9817   476      881,0000      Cuts: 28     5578   46,09%
*     0+    0                          875,0000      474,9817            45,72%
      0     0      475,2289   476      875,0000     Cuts: 212     5651   42,86%
      0     2      475,2289   450      875,0000      500,0000     5651   42,86%
Elapsed time = 2,07 sec. (1466,95 ticks, tree = 0,02 MB, solutions = 6)
    341   217      856,3676    54      875,0000      514,3341    29797   41,22%
   1290   802      717,7571   297      875,0000      534,2287    81472   38,95%
   1596  1054      621,2572   370      875,0000      534,2287   108853   38,95%
   1601   346      829,2554   117      875,0000      534,2287    39875   38,95%
   1784  1244      869,5574    62      875,0000      534,2287   118471   38,95%
   2223  1458      782,9667    58      875,0000      573,4825   135756   34,46%
   3309  1942      788,3498   222      875,0000      589,3022   171948   32,65%
   4462  2962      745,4736   249      875,0000      621,0407   253747   29,02%

Performing restart 1

Repeating presolve.
Tried aggregator 2 times.
MIP Presolve eliminated 50 rows and 30 columns.
MIP Presolve added 30 rows and 0 columns.
MIP Presolve modified 69 coefficients.
Aggregator did 6 substitutions.
Reduced MIP has 490 rows, 444 columns, and 1856 nonzeros.
Reduced MIP has 444 binaries, 0 generals, 0 SOSs, and 0 indicators.
Presolve time = 0,00 sec. (2,56 ticks)
Tried aggregator 1 time.
Reduced MIP has 490 rows, 444 columns, and 1856 nonzeros.
Reduced MIP has 444 binaries, 0 generals, 0 SOSs, and 0 indicators.
Presolve time = 0,00 sec. (1,52 ticks)
Represolve time = 0,04 sec. (26,93 ticks)
   4586     0      481,5698   444      875,0000      Cuts: 59   301949   28,79%
   4586     0      484,5684   444      875,0000      Cuts: 40   302230   28,79%
   4586     0      489,2052   444      875,0000      Cuts: 31   302566   28,79%
   4586     0      491,5059   444      875,0000      Cuts: 40   302876   28,79%
   4586     2      491,5059   443      875,0000      623,0803   302876   28,79%
   5256   298      826,0673   218      875,0000      623,0803   333651   28,79%
Elapsed time = 6,26 sec. (5354,85 ticks, tree = 0,25 MB, solutions = 6)
   6981  1462      701,1335   343      875,0000      623,0803   465568   28,79%
   9092  3497      770,6964   271      875,0000      623,0803   635860   28,79%

Performing restart 2

Repeating presolve.
Tried aggregator 1 time.
Reduced MIP has 490 rows, 444 columns, and 1856 nonzeros.
Reduced MIP has 444 binaries, 0 generals, 0 SOSs, and 0 indicators.
Presolve time = 0,00 sec. (1,12 ticks)
Tried aggregator 1 time.
Reduced MIP has 490 rows, 444 columns, and 1856 nonzeros.
Reduced MIP has 444 binaries, 0 generals, 0 SOSs, and 0 indicators.
Presolve time = 0,00 sec. (1,52 ticks)
Represolve time = 0,05 sec. (34,10 ticks)
  10499     0      495,4525   444      875,0000      Cuts: 39   772317   28,79%
  10499     0      498,5238   444      875,0000      Cuts: 54   772755   28,79%
  10499     0      501,1188   444      875,0000      Cuts: 57   773065   28,79%
  10499     0      504,2360   444      875,0000      Cuts: 50   773467   28,79%
  10499     0      506,6896   444      875,0000     Cuts: 108   773788   28,79%
  10499     0      508,0864   444      875,0000     Cuts: 119   774093   28,79%
  10499     2      508,0864   443      875,0000      623,0803   774093   28,79%
  14013  2676        cutoff            875,0000      623,0803   884447   28,79%
  17931  5649      709,7822   324      875,0000      623,1921  1042697   28,78%
  22602  9168      825,7471   235      875,0000      670,8474  1217386   23,33%
  26929 12727      836,1692   122      875,0000      685,1027  1402566   21,70%
  31886 16506      825,5781   204      875,0000      695,6161  1581044   20,50%
  36659 19630      872,8487    97      875,0000      705,0126  1736348   19,43%
  41421 23316      834,9750   215      875,0000      712,8533  1930214   18,53%
Elapsed time = 18,16 sec. (16518,21 ticks, tree = 149,82 MB, solutions = 6)
  46425 26952      801,2586   278      875,0000      719,0220  2117254   17,83%
  50944 30100      862,9444   135      875,0000      723,9484  2296394   17,26%
  55526 33502      773,0531   293      875,0000      729,3029  2490944   16,65%
  60254 35967      851,1667    18      875,0000      733,4421  2637167   16,18%
  64883 39543        cutoff            875,0000      737,9359  2850506   15,66%
  69533 42556        cutoff            875,0000      741,9679  3019288   15,20%
  74579 45074      845,0171   211      875,0000      744,8356  3159502   14,88%
  79278 48612      851,1557   216      875,0000      748,3479  3367531   14,47%
  84154 52423        cutoff            875,0000      750,9207  3576676   14,18%
  89071 54004      856,4951   187      875,0000      753,2883  3680724   13,91%
Elapsed time = 28,51 sec. (26056,60 ticks, tree = 370,08 MB, solutions = 6)
  93901 58243        cutoff            875,0000      755,7132  3923463   13,63%
  98578 60419      865,4406   213      875,0000      758,3583  4061945   13,33%
 103196 64023      857,6241   213      875,0000      760,5125  4273168   13,08%
 108137 66063      824,1853   280      875,0000      762,6898  4407411   12,84%
 112973 68998        cutoff            875,0000      764,6239  4578440   12,61%
 118086 71795      823,2548   262      875,0000      766,6286  4760935   12,39%
 122571 75610        cutoff            875,0000      768,5315  4985561   12,17%
 127607 77441      837,0545   252      875,0000      770,3858  5108119   11,96%
 132416 81258      867,4239   220      875,0000      771,9874  5345294   11,77%
 137590 83064      871,6014   146      875,0000      773,9373  5465253   11,55%
Elapsed time = 38,88 sec. (35595,64 ticks, tree = 616,30 MB, solutions = 6)
 142440 86648      868,7778   192      875,0000      775,4684  5686745   11,38%
 147255 88617      835,6429   244      875,0000      777,1701  5823676   11,18%
 152347 92291        cutoff            875,0000      778,7336  6047299   11,00%
 157553 95108        cutoff            875,0000      780,2287  6238692   10,83%
 162658 97266      842,6269   242      875,0000      781,6827  6370992   10,66%
 167746 99854        cutoff            875,0000      783,1761  6558804   10,49%
 172835 102431        cutoff            875,0000      784,6192  6723120   10,33%
*174166+103089                          874,0000      785,1161            10,17%
 177794 105245      826,6084   272      874,0000      786,0053  6937214   10,07%
 182878 107016      851,9667   242      874,0000      787,4321  7052415    9,90%
 188221 109719      855,1875   184      874,0000      788,6791  7251897    9,76%
Elapsed time = 49,35 sec. (45134,90 ticks, tree = 839,96 MB, solutions = 7)
 193420 113179        cutoff            874,0000      790,0297  7482736    9,61%
 198690 114906      848,7740   251      874,0000      791,2184  7616722    9,47%
 203671 117074      828,8763   252      874,0000      792,4657  7753776    9,33%
 208723 119846        cutoff            874,0000      793,6379  7967343    9,19%
 214265 121825      855,1000   243      874,0000      794,7682  8100033    9,07%
 219377 124408      870,8598   178      874,0000      795,7830  8292623    8,95%
 224876 126269      843,4917   251      874,0000      796,9246  8427274    8,82%
 229823 128603      862,2373   235      874,0000      798,0302  8601075    8,69%
 235153 131102      845,4109   256      874,0000      799,2133  8794334    8,56%
 240300 133824        cutoff            874,0000      800,2500  9001710    8,44%
Elapsed time = 59,93 sec. (54673,09 ticks, tree = 1048,13 MB, solutions = 7)
 245968 135584      847,0889   224      874,0000      801,2169  9140677    8,33%
 251155 137481      862,6308   248      874,0000      802,1989  9281540    8,22%
 256814 139413      863,8667   211      874,0000      803,0540  9453298    8,12%
 262171 142064        cutoff            874,0000      804,1338  9652692    7,99%
 267267 143765      847,2222   205      874,0000      805,0759  9812738    7,89%
 272638 146430      863,2858   190      874,0000      806,0661 10028971    7,77%
 278042 148210        cutoff            874,0000      806,8878 10196878    7,68%
 283838 149544        cutoff            874,0000      807,6902 10298854    7,59%
 288992 151771      863,7778   191      874,0000      808,6446 10500892    7,48%
 294844 153334      859,7102   207      874,0000      809,5273 10653912    7,38%
Elapsed time = 70,50 sec. (64212,16 ticks, tree = 1205,66 MB, solutions = 7)
 300119 155621      861,9550   245      874,0000      810,4007 10857342    7,28%
 305521 157182      867,1333   197      874,0000      811,1389 11012739    7,19%
 311082 158653        cutoff            874,0000      812,0473 11137111    7,09%
 316605 160315      867,3000   214      874,0000      812,7576 11316000    7,01%
 322367 162581      846,7083   196      874,0000      813,6261 11527355    6,91%
 327765 163569        cutoff            874,0000      814,2861 11631245    6,83%
 333816 166155      845,1515   237      874,0000      815,1594 11898465    6,73%
 339148 167514        cutoff            874,0000      815,8561 12063213    6,65%
 344791 168906        cutoff            874,0000      816,6442 12226977    6,56%
 350101 169790      870,1778   229      874,0000      817,3974 12322547    6,48%
Elapsed time = 81,61 sec. (73750,69 ticks, tree = 1348,58 MB, solutions = 7)
*355766+171434                          873,0000      818,1034             6,29%
 355994 171064        cutoff            873,0000      818,1624 12559686    6,28%
 360868 172005      871,1667   182      873,0000      818,5564 12659117    6,24%
 363117 172780      863,9808   237      873,0000      818,7856 12774325    6,21%
 366689 173178        cutoff            873,0000      819,3055 12830007    6,15%
 372049 174526      866,7306   152      873,0000      820,1874 13020728    6,05%
 377910 175225      833,8788   268      873,0000      820,7349 13150109    5,99%
 383573 176673      869,4444   218      873,0000      821,5666 13358845    5,89%
 388863 177535      845,4444   227      873,0000      822,2142 13509896    5,82%
 394974 178147      856,5111   233      873,0000      822,9392 13616689    5,73%
 400672 179008        cutoff            873,0000      823,5718 13813728    5,66%
Elapsed time = 92,66 sec. (83289,25 ticks, tree = 1410,59 MB, solutions = 8)
 406423 180054        cutoff            873,0000      824,2168 14143607    5,59%
 412245 180793      864,0444   231      873,0000      824,8898 14426620    5,51%
 418092 181303        cutoff            873,0000      825,5604 14622345    5,43%
 423928 182077        cutoff            873,0000      826,1861 14936660    5,36%
 429504 182756        cutoff            873,0000      826,8001 15241296    5,29%
 435373 183202        cutoff            873,0000      827,4389 15472368    5,22%
 441332 183606      841,1333   267      873,0000      828,0158 15694048    5,15%
 447314 184170      842,0000   244      873,0000      828,6682 16014073    5,08%
 453383 184499      856,0741   223      873,0000      829,2177 16206972    5,02%
 477442 185772      868,1111   213      873,0000      831,6167 17267094    4,74%
Elapsed time = 107,49 sec. (95687,94 ticks, tree = 1283,24 MB, solutions = 8)
 502329 186344      868,2444   205      873,0000      833,8449 18353272    4,49%
 527625 185973        cutoff            873,0000      835,9779 19414703    4,24%
*543212+185352                          872,0000      837,2548             3,98%
 551419 183642        cutoff            872,0000      838,0379 20337196    3,89%
 577980 180499        cutoff            872,0000      839,9351 21384919    3,68%
 605170 176546        cutoff            872,0000      841,9389 22345121    3,45%
 633314 170149        cutoff            872,0000      843,9444 23512636    3,22%
 661699 163100      865,7222   212      872,0000      845,8889 24519667    2,99%
 691421 152470        cutoff            872,0000      847,9083 25702396    2,76%
 722275 141275      864,1333   233      872,0000      850,0000 26708015    2,52%
 755010 126272      862,3929   191      872,0000      852,1717 27796317    2,27%
Elapsed time = 156,54 sec. (133836,20 ticks, tree = 614,10 MB, solutions = 9)
 788969 105923        cutoff            872,0000      854,7778 28955171    1,98%
 826017 79991        cutoff            872,0000      857,7870 30061239    1,63%
 866557 47190        cutoff            872,0000      861,6688 31035606    1,18%

Clique cuts applied:  22
Cover cuts applied:  671
Flow cuts applied:  25
Mixed integer rounding cuts applied:  337
Zero-half cuts applied:  102
Lift and project cuts applied:  42
Gomory fractional cuts applied:  48

Root node processing (before b&c):
  Real time             =    2,06 sec. (1464,50 ticks)
Parallel b&c, 16 threads:
  Real time             =  179,89 sec. (147383,74 ticks)
  Sync time (average)   =   31,78 sec.
  Wait time (average)   =    0,05 sec.
                          ------------
Total (root+branch&cut) =  181,95 sec. (148848,24 ticks)
