Version identifier: 12.10.0.0 | 2019-11-26 | 843d4de
CPXPARAM_WorkMem                                 16384
CPXPARAM_MIP_Limits_TreeMemory                   24576
Tried aggregator 2 times.
MIP Presolve modified 55 coefficients.
Aggregator did 60 substitutions.
Reduced MIP has 325 rows, 400 columns, and 1560 nonzeros.
Reduced MIP has 400 binaries, 0 generals, 0 SOSs, and 0 indicators.
Presolve time = 0,00 sec. (2,06 ticks)
Found incumbent of value 1060,000000 after 0,00 sec. (3,18 ticks)
Probing time = 0,00 sec. (0,61 ticks)
Tried aggregator 1 time.
Detecting symmetries...
MIP Presolve eliminated 65 rows and 0 columns.
MIP Presolve added 130 rows and 0 columns.
Reduced MIP has 390 rows, 400 columns, and 1625 nonzeros.
Reduced MIP has 400 binaries, 0 generals, 0 SOSs, and 0 indicators.
Presolve time = 0,00 sec. (2,06 ticks)
Probing time = 0,00 sec. (0,60 ticks)
Clique table members: 1080.
MIP emphasis: balance optimality and feasibility.
MIP search method: dynamic search.
Parallel mode: deterministic, using up to 16 threads.
Root relaxation solution time = 0,01 sec. (2,33 ticks)

        Nodes                                         Cuts/
   Node  Left     Objective  IInf  Best Integer    Best Bound    ItCnt     Gap

*     0+    0                         1060,0000        0,0000           100,00%
*     0+    0                          621,0000        0,0000           100,00%
*     0+    0                          610,0000        0,0000           100,00%
*     0+    0                          598,0000        0,0000           100,00%
      0     0      225,7500   295      598,0000      225,7500      211   62,25%
      0     0      225,7955   295      598,0000     Cuts: 186      321   62,24%
      0     0      228,6705   295      598,0000     Cuts: 197      399   61,76%
      0     0      230,0679   295      598,0000     Cuts: 197      490   61,53%
      0     0      231,0358   295      598,0000     Cuts: 197      577   61,37%
      0     0      232,1760   295      598,0000     Cuts: 197      658   61,17%
*     0+    0                          541,0000      232,1760            57,08%
      0     0      268,4470   295      541,0000     Cuts: 197     1029   50,38%
      0     0      272,4233   295      541,0000     Cuts: 197     1177   49,64%
      0     0      274,7510   295      541,0000     Cuts: 197     1323   49,21%
      0     0      276,8529   295      541,0000     Cuts: 186     1483   48,83%
      0     0      277,6989   295      541,0000     Cuts: 169     1602   48,67%
      0     0      278,3917   295      541,0000      Cuts: 59     1794   48,54%
      0     0      279,1081   295      541,0000     Cuts: 127     1901   48,41%
      0     0      279,6389   295      541,0000      Cuts: 42     2011   48,31%
      0     0      280,4576   295      541,0000     Cuts: 155     2217   48,16%
      0     0      280,9114   295      541,0000     Cuts: 112     2378   48,08%
      0     0      281,4227   295      541,0000     Cuts: 126     2567   47,98%
      0     0      282,0074   295      541,0000      Cuts: 75     2737   47,87%
      0     0      282,8092   295      541,0000     Cuts: 176     2972   47,72%
      0     0      283,1996   295      541,0000      Cuts: 65     3095   47,65%
      0     0      283,6798   295      541,0000     Cuts: 127     3242   47,56%
      0     0      286,3612   295      541,0000     Cuts: 163     3543   47,07%
      0     0      287,7373   295      541,0000     Cuts: 188     3786   46,81%
      0     0      288,4866   295      541,0000     Cuts: 185     4001   46,68%
      0     0      289,2225   295      541,0000     Cuts: 141     4278   46,54%
      0     0      289,8284   295      541,0000     Cuts: 134     4494   46,43%
*     0+    0                          533,0000      289,8284            45,62%
      0     0      290,3395   295      533,0000     Cuts: 149     4710   45,53%
      0     0      290,7572   295      533,0000     Cuts: 158     4885   45,45%
      0     0      291,2874   295      533,0000     Cuts: 125     5099   45,35%
      0     0      291,6713   295      533,0000     Cuts: 154     5307   45,28%
      0     0      291,9858   295      533,0000     Cuts: 140     5532   45,22%
      0     0      292,3327   295      533,0000     Cuts: 138     5732   45,15%
      0     0      292,5540   295      533,0000     Cuts: 140     5887   45,11%
      0     0      292,8074   295      533,0000     Cuts: 138     6039   45,06%
      0     0      293,0600   295      533,0000     Cuts: 107     6228   45,02%
      0     0      293,2332   295      533,0000     Cuts: 103     6372   44,98%
      0     0      293,3501   295      533,0000     Cuts: 109     6516   44,96%
      0     0      293,4580   295      533,0000     Cuts: 102     6665   44,94%
      0     0      294,9508   295      533,0000     Cuts: 105     6955   44,66%
      0     0      297,1663   295      533,0000     Cuts: 166     7283   44,25%
      0     0      298,4748   295      533,0000     Cuts: 155     7520   44,00%
      0     0      299,2741   295      533,0000     Cuts: 146     7719   43,85%
      0     0      299,7419   295      533,0000     Cuts: 128     7912   43,76%
      0     0      300,2543   295      533,0000     Cuts: 120     8107   43,67%
      0     0      300,5163   295      533,0000     Cuts: 124     8276   43,62%
      0     0      300,9213   295      533,0000     Cuts: 145     8446   43,54%
      0     0      301,2570   295      533,0000      Cuts: 93     8613   43,48%
      0     0      301,3957   295      533,0000      Cuts: 73     8772   43,45%
      0     2      301,3957   380      533,0000      301,3957     8772   43,45%
Elapsed time = 2,35 sec. (1674,84 ticks, tree = 0,02 MB, solutions = 6)
   1109   864      468,2868   144      533,0000      339,5229    60969   36,30%
   1826  1256      421,9411   283      533,0000      356,3372    98373   33,14%
   3506  2487      450,3852   164      533,0000      385,8167   174814   27,61%

Performing restart 1

Repeating presolve.
Tried aggregator 2 times.
MIP Presolve eliminated 42 rows and 20 columns.
MIP Presolve added 32 rows and 0 columns.
MIP Presolve modified 40 coefficients.
Aggregator did 8 substitutions.
Reduced MIP has 372 rows, 372 columns, and 1479 nonzeros.
Reduced MIP has 372 binaries, 0 generals, 0 SOSs, and 0 indicators.
Presolve time = 0,00 sec. (2,02 ticks)
Tried aggregator 1 time.
Reduced MIP has 372 rows, 372 columns, and 1479 nonzeros.
Reduced MIP has 372 binaries, 0 generals, 0 SOSs, and 0 indicators.
Presolve time = 0,00 sec. (1,22 ticks)
Represolve time = 0,04 sec. (30,75 ticks)
   4420     0      303,3131   371      533,0000      Cuts: 83   246746   26,74%
   4420     0      304,0158   371      533,0000     Cuts: 103   247027   26,74%
   4420     0      305,0173   371      533,0000     Cuts: 144   247344   26,74%
   4420     0      305,6710   371      533,0000     Cuts: 106   247581   26,74%
   4420     2      305,6710   372      533,0000      390,4644   247581   26,74%
   4422     4      308,0551   362      533,0000      390,4644   248210   26,74%
   4466    20      428,2087   168      533,0000      390,4644   252407   26,74%
   5088   382      456,9004   231      533,0000      390,4644   294630   26,74%
   5661   924      438,9129   287      533,0000      390,4644   337032   26,74%
   6306  1381      451,4242   221      533,0000      390,4644   387630   26,74%
   8910  3680      455,0607   277      533,0000      390,4644   609946   26,74%
Elapsed time = 6,80 sec. (5878,57 ticks, tree = 1,77 MB, solutions = 6)

Performing restart 2

Repeating presolve.
Tried aggregator 1 time.
Reduced MIP has 372 rows, 372 columns, and 1479 nonzeros.
Reduced MIP has 372 binaries, 0 generals, 0 SOSs, and 0 indicators.
Presolve time = 0,00 sec. (0,88 ticks)
Tried aggregator 1 time.
Reduced MIP has 372 rows, 372 columns, and 1479 nonzeros.
Reduced MIP has 372 binaries, 0 generals, 0 SOSs, and 0 indicators.
Presolve time = 0,00 sec. (1,22 ticks)
Represolve time = 0,04 sec. (33,36 ticks)
  10129     0      307,9616   372      533,0000      Cuts: 79   745258   26,74%
  10129     0      308,8960   372      533,0000      Cuts: 71   745525   26,74%
  10129     0      310,6833   372      533,0000      Cuts: 93   745758   26,74%
  10129     0      311,4604   372      533,0000     Cuts: 109   745976   26,74%
  10129     0      311,9457   372      533,0000     Cuts: 105   746119   26,74%
  10129     0      312,2979   372      533,0000     Cuts: 107   746307   26,74%
  10129     2      312,2979   372      533,0000      390,4644   746307   26,74%
  13778  2894      523,7724   125      533,0000      390,4644   993389   26,74%
  18488  6188        cutoff            533,0000      421,5684  1227362   20,91%
  24233 10414      531,2967   145      533,0000      435,0642  1457697   18,37%
  30046 14817        cutoff            533,0000      443,6390  1707919   16,77%
  36142 19146      518,1938   196      533,0000      450,4750  1944234   15,48%
  42389 23325      498,4638   255      533,0000      455,1777  2172283   14,60%
  49103 27944      506,6820   222      533,0000      459,2871  2415018   13,83%
  55375 32791      517,7591   179      533,0000      462,3614  2664409   13,25%
  62167 36972        cutoff            533,0000      465,5510  2882460   12,65%
Elapsed time = 17,70 sec. (16227,12 ticks, tree = 189,37 MB, solutions = 6)
  68856 41449        cutoff            533,0000      468,4993  3120277   12,10%
  75385 45033      487,2297   255      533,0000      471,1168  3327009   11,61%
  81992 49594      493,2371   238      533,0000      473,3320  3582180   11,19%
  88801 53727      522,8842   137      533,0000      475,4973  3802325   10,79%
  95953 57640      521,0714   139      533,0000      477,5613  4023436   10,40%
 102980 62297      531,5988   192      533,0000      479,5227  4281452   10,03%
 109979 66064      521,5132    75      533,0000      481,2496  4481379    9,71%
 117161 69949      500,0099   254      533,0000      482,9248  4710340    9,39%
 124054 74099      510,3894   193      533,0000      484,4082  4952011    9,12%
 131347 77696      523,2000   158      533,0000      485,7557  5157677    8,86%
Elapsed time = 27,80 sec. (25765,05 ticks, tree = 431,52 MB, solutions = 6)
 138477 81465        cutoff            533,0000      487,1519  5401115    8,60%
 145379 85035        cutoff            533,0000      488,3525  5623096    8,38%
 152503 87749        cutoff            533,0000      489,6141  5810760    8,14%
 159288 91240        cutoff            533,0000      490,6012  6054093    7,95%
 166576 94606        cutoff            533,0000      491,7044  6286483    7,75%
 173532 97038        cutoff            533,0000      492,7075  6491644    7,56%
 180450 99914        cutoff            533,0000      493,6854  6697087    7,38%
 187614 102568        cutoff            533,0000      494,5379  6921435    7,22%
 194647 105484        cutoff            533,0000      495,3488  7187842    7,06%
 201933 107617        cutoff            533,0000      496,2045  7361827    6,90%
Elapsed time = 38,52 sec. (35303,26 ticks, tree = 598,05 MB, solutions = 6)
 209312 110535      529,8875   185      533,0000      497,0147  7641398    6,75%
 216394 112404      522,0811   219      533,0000      497,7593  7813725    6,61%
 223866 114470        cutoff            533,0000      498,5372  8018612    6,47%
 230974 116942        cutoff            533,0000      499,2559  8294542    6,33%
 238345 118278        cutoff            533,0000      499,9220  8433257    6,21%
 245657 120491        cutoff            533,0000      500,6044  8722030    6,08%
 252773 122221        cutoff            533,0000      501,2355  8945678    5,96%
 260301 123557        cutoff            533,0000      501,8157  9140025    5,85%
 267324 124801        cutoff            533,0000      502,4150  9317839    5,74%
 274920 126573      525,0734   167      533,0000      503,0522  9591634    5,62%
Elapsed time = 49,33 sec. (44841,23 ticks, tree = 692,51 MB, solutions = 6)
 282131 127503        cutoff            533,0000      503,6056  9792162    5,51%
 289559 128520        cutoff            533,0000      504,1528  9995804    5,41%
 296950 129574        cutoff            533,0000      504,7117 10251076    5,31%
 304089 130288        cutoff            533,0000      505,2917 10447491    5,20%
 311593 130913        cutoff            533,0000      505,8332 10702264    5,10%
 318584 131269      520,9668   217      533,0000      506,3610 10900100    5,00%
 326046 131498      514,6888   244      533,0000      506,8754 11073236    4,90%
 333199 131686      526,3023   203      533,0000      507,4217 11270839    4,80%
 340577 131751      528,3889   178      533,0000      507,9514 11528907    4,70%
 347853 131724        cutoff            533,0000      508,4279 11733871    4,61%
Elapsed time = 60,45 sec. (54379,24 ticks, tree = 701,96 MB, solutions = 6)
 355183 131465        cutoff            533,0000      508,9763 11977829    4,51%
 362596 131259      527,4545   225      533,0000      509,4667 12117205    4,42%
 369628 130619        cutoff            533,0000      510,0177 12371826    4,31%
 377266 129958        cutoff            533,0000      510,5000 12561104    4,22%
 384233 128848      528,3681   133      533,0000      511,0175 12814821    4,12%
 391726 127784        cutoff            533,0000      511,5023 13011926    4,03%
 398800 126646      530,0464   203      533,0000      512,0556 13208649    3,93%
 406290 124998        cutoff            533,0000      512,5909 13429654    3,83%
 413487 123881        cutoff            533,0000      513,1618 13579890    3,72%
 421213 122079        cutoff            533,0000      513,7281 13785442    3,62%
Elapsed time = 72,18 sec. (63917,45 ticks, tree = 650,02 MB, solutions = 6)
 428568 119884        cutoff            533,0000      514,2784 14005242    3,51%
 436239 117725        cutoff            533,0000      514,8376 14188695    3,41%
 443854 114357        cutoff            533,0000      515,4007 14488765    3,30%
 451773 111412        cutoff            533,0000      515,9537 14671794    3,20%
 459603 109365      522,3325   198      533,0000      516,5403 14826446    3,09%
 467677 105445      524,5764   231      533,0000      517,1193 15044148    2,98%
 475842 101532      531,3472   160      533,0000      517,7273 15269994    2,87%
 484259 98354        cutoff            533,0000      518,3455 15417933    2,75%
 492852 93987        cutoff            533,0000      519,0432 15615679    2,62%
 501655 88028        cutoff            533,0000      519,8082 15847819    2,48%
Elapsed time = 85,35 sec. (73455,80 ticks, tree = 462,93 MB, solutions = 6)
 510684 81821        cutoff            533,0000      520,6015 16093705    2,33%
 519956 75356      531,9264   222      533,0000      521,3872 16290293    2,18%
 529846 69697        cutoff            533,0000      522,3206 16469964    2,00%
 539718 62877        cutoff            533,0000      523,1000 16642701    1,86%
 550566 53469        cutoff            533,0000      523,9833 16871891    1,69%
 562038 43989        cutoff            533,0000      525,0582 17070823    1,49%
 574509 32435        cutoff            533,0000      526,2380 17272327    1,27%
 588474 18280        cutoff            533,0000      527,8014 17456951    0,98%
 605579   592        cutoff            533,0000      531,3318 17584421    0,31%

Clique cuts applied:  53
Cover cuts applied:  460
Flow cuts applied:  2
Mixed integer rounding cuts applied:  271
Zero-half cuts applied:  106
Lift and project cuts applied:  69
Gomory fractional cuts applied:  10

Root node processing (before b&c):
  Real time             =    2,33 sec. (1673,03 ticks)
Parallel b&c, 16 threads:
  Real time             =   97,68 sec. (80387,84 ticks)
  Sync time (average)   =   18,73 sec.
  Wait time (average)   =    0,03 sec.
                          ------------
Total (root+branch&cut) =  100,02 sec. (82060,86 ticks)
