Version identifier: 12.10.0.0 | 2019-11-26 | 843d4de
CPXPARAM_WorkMem                                 28672
Tried aggregator 2 times.
Aggregator did 100 substitutions.
Reduced MIP has 424 rows, 480 columns, and 1944 nonzeros.
Reduced MIP has 480 binaries, 0 generals, 0 SOSs, and 0 indicators.
Presolve time = 0,00 sec. (1,88 ticks)
Found incumbent of value 400,000000 after 0,00 sec. (2,96 ticks)
Probing time = 0,00 sec. (0,92 ticks)
Tried aggregator 1 time.
Detecting symmetries...
MIP Presolve eliminated 100 rows and 0 columns.
MIP Presolve added 200 rows and 0 columns.
Reduced MIP has 524 rows, 480 columns, and 2044 nonzeros.
Reduced MIP has 480 binaries, 0 generals, 0 SOSs, and 0 indicators.
Presolve time = 0,00 sec. (2,59 ticks)
Probing time = 0,00 sec. (0,90 ticks)
Clique table members: 1404.
MIP emphasis: balance optimality and feasibility.
MIP search method: dynamic search.
Parallel mode: deterministic, using up to 16 threads.
Root relaxation solution time = 0,01 sec. (3,65 ticks)

        Nodes                                         Cuts/
   Node  Left     Objective  IInf  Best Integer    Best Bound    ItCnt     Gap

*     0+    0                          400,0000        0,0000           100,00%
*     0+    0                          257,0000        0,0000           100,00%
*     0+    0                          254,0000        0,0000           100,00%
*     0+    0                          245,0000        0,0000           100,00%
      0     0      100,0000   480      245,0000      100,0000      200   59,18%
      0     0      102,6851   480      245,0000      Cuts: 16      288   58,09%
      0     0      104,2200   480      245,0000      Cuts: 15      374   57,46%
      0     0      104,8364   480      245,0000     Cuts: 145      436   57,21%
      0     0      105,3067   480      245,0000      Cuts: 67      535   57,02%
      0     0      105,6088   480      245,0000     Cuts: 172      589   56,89%
*     0+    0                          230,0000      105,6088            54,08%
      0     0      118,1601   480      230,0000     Cuts: 231      917   48,63%
      0     0      119,7823   480      230,0000     Cuts: 231     1128   47,92%
      0     0      120,1923   480      230,0000     Cuts: 167     1191   47,74%
      0     0      120,5329   480      230,0000      Cuts: 16     1262   47,59%
      0     0      120,7583   480      230,0000      Cuts: 19     1316   47,50%
      0     0      120,9788   480      230,0000      Cuts: 25     1382   47,40%
      0     0      121,1323   480      230,0000      Cuts: 15     1473   47,33%
      0     0      121,4246   480      230,0000     Cuts: 149     1541   47,21%
      0     0      121,7098   480      230,0000      Cuts: 20     1662   47,08%
      0     0      121,8169   480      230,0000  ZeroHalf: 14     1741   47,04%
      0     0      122,3770   480      230,0000      Cuts: 22     1924   46,79%
      0     0      122,8878   480      230,0000     Cuts: 126     2071   46,57%
      0     0      123,1091   480      230,0000  ZeroHalf: 15     2152   46,47%
      0     0      123,2999   480      230,0000      Cuts: 29     2231   46,39%
      0     0      123,3982   480      230,0000  ZeroHalf: 14     2297   46,35%
      0     0      123,4680   480      230,0000      Cuts: 51     2371   46,32%
      0     0      123,5110   480      230,0000     Cuts: 128     2412   46,30%
      0     0      123,5532   480      230,0000  ZeroHalf: 22     2487   46,28%
      0     0      123,6720   480      230,0000  ZeroHalf: 13     2599   46,23%
      0     0      123,8059   480      230,0000     Cuts: 129     2705   46,17%
      0     0      123,8883   480      230,0000      Cuts: 18     2799   46,14%
      0     0      123,9727   480      230,0000  ZeroHalf: 16     2926   46,10%
      0     0      124,1697   480      230,0000     Cuts: 122     3023   46,01%
*     0+    0                          229,0000      124,1697            45,78%
      0     0      124,2759   480      229,0000      Cuts: 19     3134   45,73%
      0     0      124,3465   480      229,0000      Cuts: 32     3239   45,70%
      0     0      124,4290   480      229,0000      Cuts: 23     3358   45,66%
      0     0      124,4642   480      229,0000      Cuts: 43     3430   45,65%
      0     0      124,5372   480      229,0000      Cuts: 20     3512   45,62%
      0     0      124,6295   480      229,0000      Cuts: 41     3628   45,58%
      0     0      124,8992   480      229,0000      Cuts: 30     3792   45,46%
      0     0      125,0405   480      229,0000      Cuts: 26     3947   45,40%
      0     0      125,5173   480      229,0000     Cuts: 169     4111   45,19%
      0     0      125,6625   480      229,0000      Cuts: 48     4259   45,13%
      0     0      125,8789   480      229,0000      Cuts: 31     4397   45,03%
      0     0      126,0106   480      229,0000     Cuts: 170     4516   44,97%
      0     0      126,1189   480      229,0000      Cuts: 25     4651   44,93%
      0     0      126,2091   480      229,0000      Cuts: 47     4777   44,89%
      0     0      126,3016   480      229,0000     Cuts: 149     4884   44,85%
      0     0      126,3630   480      229,0000  ZeroHalf: 21     4954   44,82%
      0     0      126,4224   480      229,0000  ZeroHalf: 23     5073   44,79%
      0     0      126,4619   480      229,0000      Cuts: 25     5173   44,78%
      0     2      126,4619   456      229,0000      126,4619     5173   44,78%
Elapsed time = 2,12 sec. (1507,85 ticks, tree = 0,02 MB, solutions = 6)
    630   540      184,7680   250      229,0000      138,0250    38963   39,73%
   1426  1072      196,0917   248      229,0000      138,4610    77022   39,54%
   1673  1209      197,0919   276      229,0000      141,9808    91134   38,00%
   2454  1628      199,2820   265      229,0000      148,8817   117010   34,99%
   3482  2528      216,6268   190      229,0000      160,2011   183077   30,04%

Performing restart 1

Repeating presolve.
Tried aggregator 2 times.
MIP Presolve eliminated 50 rows and 24 columns.
MIP Presolve added 42 rows and 0 columns.
MIP Presolve modified 51 coefficients.
Aggregator did 6 substitutions.
Reduced MIP has 510 rows, 450 columns, and 1885 nonzeros.
Reduced MIP has 450 binaries, 0 generals, 0 SOSs, and 0 indicators.
Presolve time = 0,00 sec. (2,61 ticks)
Tried aggregator 1 time.
Reduced MIP has 510 rows, 450 columns, and 1885 nonzeros.
Reduced MIP has 450 binaries, 0 generals, 0 SOSs, and 0 indicators.
Presolve time = 0,00 sec. (1,56 ticks)
Represolve time = 0,03 sec. (23,46 ticks)
   4529     0      127,9822   450      229,0000      Cuts: 47   269134   28,38%
   4529     0      128,9182   450      229,0000      Cuts: 45   269409   28,38%
   4529     0      129,8626   450      229,0000      Cuts: 39   269903   28,38%
   4529     0      130,3442   450      229,0000      Cuts: 90   270233   28,38%
   4529     2      130,3442   450      229,0000      163,9997   270233   28,38%
   4531     3      131,0802   449      229,0000      163,9997   270457   28,38%
   4537     6      139,8478   418      229,0000      163,9997   271954   28,38%
   4605    38      158,4649   398      229,0000      163,9997   279308   28,38%
   6622  1559      188,9634   338      229,0000      163,9997   410097   28,38%
Elapsed time = 6,56 sec. (5799,72 ticks, tree = 7,82 MB, solutions = 6)
  10523  4795      186,6275   330      229,0000      163,9997   532367   28,38%

Performing restart 2

Repeating presolve.
Tried aggregator 1 time.
MIP Presolve eliminated 6 rows and 3 columns.
Reduced MIP has 504 rows, 447 columns, and 1873 nonzeros.
Reduced MIP has 447 binaries, 0 generals, 0 SOSs, and 0 indicators.
Presolve time = 0,00 sec. (1,92 ticks)
Tried aggregator 1 time.
Reduced MIP has 504 rows, 447 columns, and 1873 nonzeros.
Reduced MIP has 447 binaries, 0 generals, 0 SOSs, and 0 indicators.
Presolve time = 0,00 sec. (1,54 ticks)
Represolve time = 0,04 sec. (29,97 ticks)
  10530     0      131,3456   447      229,0000      Cuts: 45   556898   28,38%
  10530     0      132,0233   447      229,0000      Cuts: 55   557383   28,38%
  10530     0      132,5034   447      229,0000      Cuts: 35   557687   28,38%
  10530     0      132,8221   447      229,0000      Cuts: 68   557950   28,38%
  10530     0      133,8622   447      229,0000      Cuts: 45   558404   28,38%
  10530     0      134,1415   447      229,0000     Cuts: 159   558776   28,38%
  10530     0      134,4141   447      229,0000      Cuts: 31   559054   28,38%
  10530     2      134,4141   447      229,0000      163,9997   559054   28,38%
* 14033+ 2761                          228,0000      163,9997            28,07%
  15204  3725      185,0573   332      228,0000      163,9997   718328   28,07%
  18306  6259      208,9841   205      228,0000      163,9997   937981   28,07%
  22115  9025      216,4667    30      228,0000      174,2296  1155822   23,58%
  26700 12918      226,3667    17      228,0000      177,8522  1421984   21,99%
  31370 16439      216,8010    74      228,0000      180,7949  1668850   20,70%
  35903 19713      196,3101   314      228,0000      183,3694  1905762   19,57%
  40571 23502      225,8597   151      228,0000      185,3954  2184713   18,69%
  45347 27082      225,6327   215      228,0000      187,0971  2388809   17,94%
Elapsed time = 17,70 sec. (16562,13 ticks, tree = 38,76 MB, solutions = 7)
  50322 30788      207,5753   293      228,0000      188,4406  2573493   17,35%
  55026 33955      210,4571   288      228,0000      189,7532  2743280   16,77%
* 59674+36712                          227,0000      190,9518            15,88%
  59758 37172      209,0200   279      227,0000      190,9699  2921580   15,87%
  64260 39180      212,5175   269      227,0000      192,1423  3088350   15,36%
  68937 42420      224,2964   142      227,0000      193,1308  3259447   14,92%
  73909 44991        cutoff            227,0000      194,0192  3410512   14,53%
  78705 49051      209,9494   277      227,0000      194,9376  3638357   14,12%
  83367 52279      211,7776   277      227,0000      195,6557  3812648   13,81%
  88465 55267      217,9097   263      227,0000      196,4768  3995733   13,45%
  92932 58431      214,2740   215      227,0000      197,1615  4180011   13,14%
Elapsed time = 27,76 sec. (26101,60 ticks, tree = 291,30 MB, solutions = 8)
  98105 60645      215,8622   223      227,0000      197,8501  4311811   12,84%
 102635 64574      216,8758   267      227,0000      198,4077  4557127   12,60%
 107805 66955      218,6600   259      227,0000      199,0240  4691867   12,32%
 112277 69470        cutoff            227,0000      199,6063  4850153   12,07%
 117480 73030      225,2136   191      227,0000      200,2413  5075074   11,79%
 121780 75087      216,6225   292      227,0000      200,7648  5212061   11,56%
 126958 78505      222,6909   259      227,0000      201,2775  5429008   11,33%
 131659 81124      219,9250   249      227,0000      201,7314  5621481   11,13%
 136869 83129        cutoff            227,0000      202,2024  5739337   10,92%
 141552 85665      220,5253   249      227,0000      202,6623  5909392   10,72%
Elapsed time = 37,90 sec. (35640,13 ticks, tree = 532,04 MB, solutions = 8)
 146643 89415        cutoff            227,0000      203,1290  6157116   10,52%
 151349 90744      221,1406   228      227,0000      203,5333  6258424   10,34%
 156679 93932      221,1259   219      227,0000      203,9517  6478714   10,15%
 161387 95945        cutoff            227,0000      204,3316  6630551    9,99%
 166752 98757      222,5000   250      227,0000      204,7453  6833293    9,80%
 171551 100487      217,2909   241      227,0000      205,0947  6961639    9,65%
 176999 103564        cutoff            227,0000      205,4804  7182328    9,48%
 181749 105380        cutoff            227,0000      205,7833  7310985    9,35%
 187234 108096      215,3091   269      227,0000      206,1476  7517714    9,19%
 192091 110167      221,1100   253      227,0000      206,4482  7673532    9,05%
Elapsed time = 48,18 sec. (45178,47 ticks, tree = 749,76 MB, solutions = 8)
 197694 112858      225,8313   183      227,0000      206,7985  7883925    8,90%
 202720 114731      218,4818   270      227,0000      207,0700  8018162    8,78%
 208299 116782      219,1646   263      227,0000      207,3583  8194150    8,65%
 213211 119814        cutoff            227,0000      207,6409  8419296    8,53%
 218781 121653      217,2441   257      227,0000      207,9159  8573042    8,41%
*220194+122396                          226,0000      207,9882             7,97%
 222100 120517      216,5125   239      226,0000      208,1152  8739071    7,91%
 225070 121250      213,6636   274      226,0000      208,2218  8815896    7,87%
 230550 123114      222,7600   252      226,0000      208,4817  8988767    7,75%
 235539 124831        cutoff            226,0000      208,7232  9160463    7,64%
 241085 126019      219,0773   261      226,0000      209,0167  9292031    7,51%
Elapsed time = 58,80 sec. (54717,20 ticks, tree = 890,07 MB, solutions = 9)
 246168 128068        cutoff            226,0000      209,3038  9482478    7,39%
 251501 129691      223,0000   225      226,0000      209,5388  9673161    7,28%
 256853 130901      216,6364   240      226,0000      209,7740  9790560    7,18%
 262308 132424      220,2278   245      226,0000      210,0167  9970205    7,07%
 267774 133885        cutoff            226,0000      210,2538 10127778    6,97%
 273086 135454      220,3556   248      226,0000      210,4706 10329557    6,87%
 278821 137244      217,8444   253      226,0000      210,7250 10529525    6,76%
 283871 138144      219,3200   220      226,0000      210,9432 10657201    6,66%
 289679 139184        cutoff            226,0000      211,1484 10802897    6,57%
 294786 140332        cutoff            226,0000      211,3861 10956163    6,47%
Elapsed time = 69,41 sec. (64255,90 ticks, tree = 1024,19 MB, solutions = 9)
 300679 141712      224,2000   272      226,0000      211,5857 11170105    6,38%
 305936 142717        cutoff            226,0000      211,8141 11311198    6,28%
 311607 143498      221,2375   242      226,0000      211,9833 11460824    6,20%
 317260 145084      220,8273   261      226,0000      212,2202 11708125    6,10%
 322613 145488        cutoff            226,0000      212,3883 11791335    6,02%
 328299 146497      218,3400   254      226,0000      212,5891 11975793    5,93%
 333545 147435      217,5636   270      226,0000      212,7668 12165202    5,86%
 339527 148113        cutoff            226,0000      212,9562 12318150    5,77%
 344756 148953        cutoff            226,0000      213,1470 12519427    5,69%
 350813 149686      222,6042   195      226,0000      213,3066 12699421    5,62%
Elapsed time = 80,09 sec. (73795,28 ticks, tree = 1107,68 MB, solutions = 9)
 356156 150265      217,9636   263      226,0000      213,4963 12839104    5,53%
 361951 150684      221,9576   247      226,0000      213,6516 12986609    5,46%
 367500 151153        cutoff            226,0000      213,8265 13128509    5,39%
 373062 151808      217,1000   220      226,0000      213,9881 13359641    5,32%
 379138 152141        cutoff            226,0000      214,1604 13487179    5,24%
 384439 152474      224,9639   226      226,0000      214,3042 13657713    5,18%
 390548 152756        cutoff            226,0000      214,4710 13872639    5,10%
 396056 152956      224,0792   242      226,0000      214,6364 13980412    5,03%
 401916 153086      222,5098   218      226,0000      214,7771 14141178    4,97%
 407587 153168        cutoff            226,0000      214,9320 14275739    4,90%
Elapsed time = 90,92 sec. (83333,21 ticks, tree = 1144,41 MB, solutions = 9)
 413192 153244        cutoff            226,0000      215,0767 14481192    4,83%
 419295 153235        cutoff            226,0000      215,2280 14638626    4,77%
*423082+153201                          225,0000      215,3333             4,30%
 424681 153205      220,4333   240      225,0000      215,3667 14763514    4,28%
 428229 144612      223,2667   209      225,0000      215,4417 14948684    4,25%
 433014 143928      221,3385   240      225,0000      215,5857 15068855    4,18%
 438470 143355      222,9048   215      225,0000      215,7091 15197969    4,13%
 444743 142465        cutoff            225,0000      215,8182 15354940    4,08%
 450417 141243        cutoff            225,0000      215,9816 15537079    4,01%
 456220 140522      221,4473   269      225,0000      216,1434 15663108    3,94%
 480284 135801        cutoff            225,0000      216,7493 16253954    3,67%
Elapsed time = 105,58 sec. (95732,41 ticks, tree = 1019,00 MB, solutions = 10)
 504752 129030      223,9375   191      225,0000      217,3402 16941862    3,40%
 529219 120110      220,1778   248      225,0000      217,9565 17582864    3,13%
 554413 108988      223,0517   267      225,0000      218,5500 18229472    2,87%
 580445 94976        cutoff            225,0000      219,1757 18851337    2,59%
 607895 79571        cutoff            225,0000      219,9000 19410825    2,27%
 638525 54413        cutoff            225,0000      220,9427 20087464    1,80%
 676627 18170        cutoff            225,0000      222,6136 20651122    1,06%

Clique cuts applied:  18
Cover cuts applied:  663
Flow cuts applied:  19
Mixed integer rounding cuts applied:  319
Zero-half cuts applied:  105
Lift and project cuts applied:  24
Gomory fractional cuts applied:  57

Root node processing (before b&c):
  Real time             =    2,11 sec. (1505,20 ticks)
Parallel b&c, 16 threads:
  Real time             =  142,12 sec. (122129,10 ticks)
  Sync time (average)   =   25,57 sec.
  Wait time (average)   =    0,05 sec.
                          ------------
Total (root+branch&cut) =  144,23 sec. (123634,30 ticks)
