Version identifier: 12.10.0.0 | 2019-11-26 | 843d4de
CPXPARAM_WorkMem                                 28672
Tried aggregator 2 times.
Aggregator did 100 substitutions.
Reduced MIP has 424 rows, 480 columns, and 2024 nonzeros.
Reduced MIP has 480 binaries, 0 generals, 0 SOSs, and 0 indicators.
Presolve time = 0,00 sec. (1,93 ticks)
Found incumbent of value 400,000000 after 0,00 sec. (3,03 ticks)
Probing time = 0,00 sec. (1,01 ticks)
Tried aggregator 1 time.
Detecting symmetries...
MIP Presolve eliminated 80 rows and 0 columns.
MIP Presolve added 160 rows and 0 columns.
Reduced MIP has 504 rows, 480 columns, and 2104 nonzeros.
Reduced MIP has 480 binaries, 0 generals, 0 SOSs, and 0 indicators.
Presolve time = 0,00 sec. (2,61 ticks)
Probing time = 0,00 sec. (0,99 ticks)
Clique table members: 1484.
MIP emphasis: balance optimality and feasibility.
MIP search method: dynamic search.
Parallel mode: deterministic, using up to 16 threads.
Root relaxation solution time = 0,01 sec. (3,21 ticks)

        Nodes                                         Cuts/
   Node  Left     Objective  IInf  Best Integer    Best Bound    ItCnt     Gap

*     0+    0                          400,0000        0,0000           100,00%
*     0+    0                          267,0000        0,0000           100,00%
*     0+    0                          256,0000        0,0000           100,00%
*     0+    0                          253,0000        0,0000           100,00%
      0     0      100,0000   472      253,0000      100,0000      188   60,47%
      0     0      102,9736   472      253,0000     Cuts: 226      434   59,30%
      0     0      105,0326   472      253,0000     Cuts: 198      556   58,49%
*     0+    0                          240,0000      105,0326            56,24%
      0     0      105,8683   472      240,0000     Cuts: 215      688   55,89%
      0     0      106,3341   472      240,0000     Cuts: 222      787   55,69%
      0     0      106,7822   472      240,0000     Cuts: 140      917   55,51%
      0     0      117,7465   472      240,0000     Cuts: 226     1238   50,94%
      0     0      119,0567   472      240,0000     Cuts: 226     1371   50,39%
      0     0      119,9047   472      240,0000     Cuts: 226     1497   50,04%
      0     0      120,5097   472      240,0000     Cuts: 226     1598   49,79%
      0     0      120,7644   472      240,0000     Cuts: 132     1726   49,68%
      0     0      121,1098   472      240,0000     Cuts: 226     1861   49,54%
      0     0      121,2130   472      240,0000  ZeroHalf: 31     1947   49,49%
      0     0      121,3914   472      240,0000     Cuts: 174     2071   49,42%
      0     0      121,4978   472      240,0000      Cuts: 89     2141   49,38%
      0     0      121,6697   472      240,0000      Cuts: 51     2230   49,30%
      0     0      121,7856   472      240,0000      Cuts: 50     2316   49,26%
      0     0      121,9531   472      240,0000      Cuts: 97     2472   49,19%
      0     0      122,0831   472      240,0000     Cuts: 123     2589   49,13%
      0     0      122,2664   472      240,0000      Cuts: 64     2689   49,06%
      0     0      122,5548   472      240,0000     Cuts: 168     2830   48,94%
      0     0      122,6365   472      240,0000      Cuts: 70     2906   48,90%
      0     0      122,6910   472      240,0000  ZeroHalf: 40     2961   48,88%
      0     0      122,7914   472      240,0000     Cuts: 113     3059   48,84%
      0     0      122,8785   472      240,0000  ZeroHalf: 31     3117   48,80%
      0     0      123,0305   472      240,0000     Cuts: 113     3218   48,74%
      0     0      123,1013   472      240,0000      Cuts: 26     3317   48,71%
      0     0      123,2745   472      240,0000     Cuts: 214     3418   48,64%
      0     0      123,3822   472      240,0000      Cuts: 31     3500   48,59%
      0     0      123,5233   472      240,0000      Cuts: 37     3633   48,53%
      0     0      123,6695   472      240,0000      Cuts: 23     3774   48,47%
      0     0      124,7935   472      240,0000     Cuts: 226     4080   48,00%
      0     0      125,2246   472      240,0000      Cuts: 52     4252   47,82%
      0     0      125,4237   472      240,0000     Cuts: 206     4362   47,74%
      0     0      125,5673   472      240,0000      Cuts: 21     4475   47,68%
      0     0      125,6836   472      240,0000     Cuts: 226     4589   47,63%
      0     0      125,9304   472      240,0000      Cuts: 38     4740   47,53%
      0     0      126,1863   472      240,0000     Cuts: 157     4911   47,42%
      0     0      126,3202   472      240,0000     Cuts: 154     5008   47,37%
*     0+    0                          239,0000      126,3202            47,15%
      0     0      126,5041   472      239,0000      Cuts: 38     5186   47,07%
      0     0      126,7689   472      239,0000     Cuts: 226     5367   46,96%
      0     0      126,8390   472      239,0000      Cuts: 36     5501   46,93%
      0     0      126,9709   472      239,0000     Cuts: 226     5620   46,87%
      0     0      127,0616   472      239,0000      Cuts: 43     5747   46,84%
      0     0      127,1398   472      239,0000     Cuts: 101     5879   46,80%
      0     0      127,1917   472      239,0000      Cuts: 91     5967   46,78%
      0     0      127,2525   472      239,0000      Cuts: 37     6081   42,68%
*     0+    0                          238,0000      136,9833            42,44%
      0     2      127,2525   457      238,0000      140,7000     6081   40,88%
Elapsed time = 2,26 sec. (1601,07 ticks, tree = 0,02 MB, solutions = 7)
   1178   802      170,8696   357      238,0000      140,7000    37624   40,88%
   1665  1193      165,1656   367      238,0000      140,7000    60749   40,88%
   1668   774      183,5046   269      238,0000      140,7000    36409   40,88%
   2329  1471      175,9944   339      238,0000      140,7000    78055   40,88%
   3774  2398      192,6102   267      238,0000      153,9426   127733   35,32%

Performing restart 1

Repeating presolve.
Tried aggregator 2 times.
MIP Presolve eliminated 36 rows and 23 columns.
MIP Presolve added 24 rows and 0 columns.
MIP Presolve modified 51 coefficients.
Aggregator did 3 substitutions.
Reduced MIP has 489 rows, 454 columns, and 1944 nonzeros.
Reduced MIP has 454 binaries, 0 generals, 0 SOSs, and 0 indicators.
Presolve time = 0,00 sec. (2,63 ticks)
Tried aggregator 1 time.
Reduced MIP has 489 rows, 454 columns, and 1944 nonzeros.
Reduced MIP has 454 binaries, 0 generals, 0 SOSs, and 0 indicators.
Presolve time = 0,00 sec. (1,56 ticks)
Represolve time = 0,04 sec. (30,43 ticks)
   4635     0      128,7092   454      238,0000      Cuts: 67   196975   31,70%
   4635     0      129,5767   454      238,0000      Cuts: 52   197263   31,70%
   4635     0      130,1437   454      238,0000      Cuts: 63   197504   31,70%
   4635     0      130,9140   454      238,0000      Cuts: 66   197779   31,70%
   4635     2      130,9140   454      238,0000      162,5528   197779   31,70%
   4637     4      134,7602   437      238,0000      162,5528   198701   31,70%
   4641     8      145,2086   403      238,0000      162,5528   200554   31,70%
   4656    17      149,4349   407      238,0000      162,5528   203597   31,70%
   6490  1338      215,4586   259      238,0000      162,5528   317776   31,70%
Elapsed time = 6,61 sec. (5951,64 ticks, tree = 6,92 MB, solutions = 7)
   9613  4313      197,6469   337      238,0000      162,5528   467615   31,70%

Performing restart 2

Repeating presolve.
Tried aggregator 1 time.
Reduced MIP has 489 rows, 454 columns, and 1944 nonzeros.
Reduced MIP has 454 binaries, 0 generals, 0 SOSs, and 0 indicators.
Presolve time = 0,00 sec. (1,16 ticks)
Tried aggregator 1 time.
Reduced MIP has 489 rows, 454 columns, and 1944 nonzeros.
Reduced MIP has 454 binaries, 0 generals, 0 SOSs, and 0 indicators.
Presolve time = 0,00 sec. (1,56 ticks)
Represolve time = 0,05 sec. (39,88 ticks)
  10441     0      132,6394   454      238,0000      Cuts: 64   514793   31,70%
  10441     0      133,4647   454      238,0000      Cuts: 60   515115   31,70%
  10441     0      134,4951   454      238,0000      Cuts: 35   515518   31,70%
  10441     0      134,8027   454      238,0000      Cuts: 65   515846   31,70%
  10441     0      135,1233   454      238,0000      Cuts: 48   516119   31,70%
  10441     0      135,3585   454      238,0000     Cuts: 141   516458   31,70%
  10441     2      135,3585   454      238,0000      162,5528   516458   31,70%
  13556  2363      228,6222    47      238,0000      162,5528   608275   31,70%
  17026  5068      228,9667    19      238,0000      162,5528   771625   31,70%
  21143  7975        cutoff            238,0000      180,8120   932084   24,03%
  25456 11691      226,0790   159      238,0000      184,1421  1117342   22,63%
  29876 14685      234,5285   171      238,0000      186,5588  1279008   21,61%
  34541 17993        cutoff            238,0000      189,5935  1451259   20,34%
  39207 21958        cutoff            238,0000      191,7427  1656097   19,44%
  43618 24793      214,0848   298      238,0000      193,4288  1807553   18,73%
Elapsed time = 18,39 sec. (17191,01 ticks, tree = 175,08 MB, solutions = 7)
  47793 27720      208,1749   307      238,0000      194,7160  1974445   18,19%
  52220 30916        cutoff            238,0000      195,8747  2170952   17,70%
  56568 33700      229,8332   173      238,0000      197,1165  2330342   17,18%
  61087 36947      219,0251   279      238,0000      198,0892  2522625   16,77%
  65479 40355        cutoff            238,0000      199,1676  2717172   16,32%
  70176 43274      225,2580   215      238,0000      200,1782  2890213   15,89%
  74614 46339      214,6614   284      238,0000      201,1766  3081874   15,47%
  79096 48777      233,9569   150      238,0000      202,0740  3222474   15,09%
  83692 52247      226,7973   226      238,0000      202,7476  3435238   14,81%
  88563 54809      220,1126   272      238,0000      203,4856  3573200   14,50%
Elapsed time = 28,41 sec. (26729,41 ticks, tree = 404,23 MB, solutions = 7)
  92833 57312      217,2001   279      238,0000      204,1559  3729127   14,22%
  97315 61048        cutoff            238,0000      204,8014  3959670   13,95%
 101538 63298      227,4100   240      238,0000      205,3814  4136650   13,71%
 105991 65101        cutoff            238,0000      206,0212  4259379   13,44%
 110192 67659      231,1728   236      238,0000      206,7013  4448639   13,15%
 114372 70214      233,4775   207      238,0000      207,2495  4629178   12,92%
 118522 72500      234,6896   110      238,0000      207,7792  4799111   12,70%
 123168 74667        cutoff            238,0000      208,3554  4961406   12,46%
*124722+76218                          237,0000      208,5086            12,02%
 127356 76463      229,5911   232      237,0000      208,8528  5195373   11,88%
 131998 78344      231,7367   203      237,0000      209,4052  5334141   11,64%
Elapsed time = 38,52 sec. (36267,82 ticks, tree = 592,99 MB, solutions = 8)
 135930 80004        cutoff            237,0000      209,8373  5458782   11,46%
 140709 82478      222,8264   282      237,0000      210,3227  5654646   11,26%
 145150 84623        cutoff            237,0000      210,7393  5803668   11,08%
 150040 87934      223,9117   261      237,0000      211,2415  6050003   10,87%
 154637 90212        cutoff            237,0000      211,6458  6211890   10,70%
 159178 91692      228,2384   258      237,0000      212,0577  6322688   10,52%
 163847 94552        cutoff            237,0000      212,4598  6518997   10,35%
 168828 95992      228,1861   231      237,0000      212,7957  6636206   10,21%
 173730 99582        cutoff            237,0000      213,1556  6876390   10,06%
 178665 100764      230,5000   214      237,0000      213,5045  6972632    9,91%
Elapsed time = 48,75 sec. (45805,55 ticks, tree = 782,85 MB, solutions = 8)
 183532 103705      231,6339   255      237,0000      213,8328  7174467    9,78%
 188204 105969      233,4457   210      237,0000      214,1268  7351498    9,65%
 193358 107848      228,5800   245      237,0000      214,4806  7473953    9,50%
 198123 110359      230,2708   228      237,0000      214,7325  7670242    9,40%
 203503 113146      218,4591   287      237,0000      215,0840  7870398    9,25%
*207581 114284      integral     0      236,0000      215,3260  7950589    8,76%
 208158 114809      234,1000   131      236,0000      215,3696  7997505    8,74%
 212837 113502        cutoff            236,0000      215,6552  8183832    8,62%
 217331 114953      224,6973   248      236,0000      215,8953  8293921    8,52%
 222370 116947      228,9436   262      236,0000      216,1478  8482758    8,41%
 227434 118709      225,1584   258      236,0000      216,3836  8621534    8,31%
Elapsed time = 59,37 sec. (55344,15 ticks, tree = 958,90 MB, solutions = 9)
 232246 120435        cutoff            236,0000      216,6755  8785027    8,19%
 237668 121968        cutoff            236,0000      216,9567  8922685    8,07%
 242194 124349      232,0283   262      236,0000      217,2088  9149593    7,96%
 247387 126149      228,4484   239      236,0000      217,5118  9319417    7,83%
 252497 128067      229,4000   233      236,0000      217,7741  9488530    7,72%
 257604 129026        cutoff            236,0000      218,0061  9592231    7,62%
 263048 130701        cutoff            236,0000      218,2922  9746286    7,50%
 267916 132732      225,4727   256      236,0000      218,5167  9967294    7,41%
 273573 134143      232,6444   206      236,0000      218,7637 10110917    7,30%
 278404 135949      234,2255   260      236,0000      219,0360 10302358    7,19%
Elapsed time = 69,86 sec. (64882,40 ticks, tree = 1116,31 MB, solutions = 9)
 283678 137190      230,5217   251      236,0000      219,2762 10442765    7,09%
 288909 138268        cutoff            236,0000      219,5223 10556774    6,98%
 294213 139474        cutoff            236,0000      219,7222 10713594    6,90%
 299712 140887        cutoff            236,0000      219,9571 10888311    6,80%
 305004 142573        cutoff            236,0000      220,1651 11185437    6,71%
 310352 143395      230,4139   211      236,0000      220,4091 11355477    6,61%
 315696 144808      234,8710   203      236,0000      220,6188 11656483    6,52%
 320795 145880      234,5630   220      236,0000      220,8360 11880230    6,43%
 326205 147368        cutoff            236,0000      221,0521 12202221    6,33%
 331643 148561        cutoff            236,0000      221,2579 12475954    6,25%
Elapsed time = 80,81 sec. (74421,36 ticks, tree = 1125,16 MB, solutions = 9)
 337118 149390      226,1123   243      236,0000      221,4333 12678098    6,17%
 342661 150462        cutoff            236,0000      221,6439 12954883    6,08%
 348318 151625      233,4222   246      236,0000      221,8333 13251870    6,00%
 353885 152474        cutoff            236,0000      222,0121 13492999    5,93%
 359233 153357      230,8000   232      236,0000      222,1878 13743760    5,85%
 364809 154119      228,9111   242      236,0000      222,3895 13968878    5,77%
 370568 155200      232,4667   214      236,0000      222,5822 14298229    5,69%
 376289 155862      233,9722   239      236,0000      222,7478 14524013    5,62%
 382030 156401      229,5400   218      236,0000      222,9301 14721472    5,54%
 387927 157236        cutoff            236,0000      223,1032 15024648    5,46%
Elapsed time = 91,85 sec. (83960,01 ticks, tree = 1043,44 MB, solutions = 9)
 393737 157964      232,6000   217      236,0000      223,2741 15339175    5,39%
 399415 158532      231,4361   223      236,0000      223,4572 15606729    5,31%
 405041 158755        cutoff            236,0000      223,6214 15743805    5,25%
 410959 159270      228,2924   251      236,0000      223,7819 15996647    5,18%
 416881 159815      232,8074   237      236,0000      223,9531 16353964    5,10%
 422800 160076      229,0986   239      236,0000      224,1020 16555403    5,04%
 428811 160340        cutoff            236,0000      224,2536 16785700    4,98%
 434834 160607      231,6000   242      236,0000      224,4167 17046871    4,91%
 440980 160904        cutoff            236,0000      224,5902 17369688    4,83%
 465087 161084        cutoff            236,0000      225,1939 18310375    4,58%
Elapsed time = 106,50 sec. (96359,89 ticks, tree = 918,68 MB, solutions = 9)
 489987 159994        cutoff            236,0000      225,7808 19474605    4,33%
 514923 158156        cutoff            236,0000      226,3712 20390145    4,08%
 540955 154279      234,0476   195      236,0000      226,9444 21486061    3,84%
 567190 149239      233,2917   210      236,0000      227,5323 22487849    3,59%
 594676 142343        cutoff            236,0000      228,0902 23506654    3,35%
 622736 132053      230,7280   262      236,0000      228,6833 24666036    3,10%
 652597 119843        cutoff            236,0000      229,2525 25749576    2,86%
 683471 105294        cutoff            236,0000      229,9028 26764191    2,58%
 717016 84053        cutoff            236,0000      230,6947 27899040    2,25%
 753522 57555        cutoff            236,0000      231,6019 28926474    1,86%
Elapsed time = 156,40 sec. (134507,97 ticks, tree = 241,68 MB, solutions = 9)
 796712 18478        cutoff            236,0000      233,2104 29834302    1,18%

Clique cuts applied:  40
Cover cuts applied:  691
Flow cuts applied:  27
Mixed integer rounding cuts applied:  357
Zero-half cuts applied:  99
Lift and project cuts applied:  50
Gomory fractional cuts applied:  50

Root node processing (before b&c):
  Real time             =    2,21 sec. (1598,17 ticks)
Parallel b&c, 16 threads:
  Real time             =  163,01 sec. (137884,05 ticks)
  Sync time (average)   =   27,53 sec.
  Wait time (average)   =    0,03 sec.
                          ------------
Total (root+branch&cut) =  165,22 sec. (139482,23 ticks)
