Version identifier: 12.10.0.0 | 2019-11-26 | 843d4de
CPXPARAM_WorkMem                                 28672
Tried aggregator 2 times.
MIP Presolve modified 115 coefficients.
Aggregator did 100 substitutions.
Reduced MIP has 525 rows, 600 columns, and 2430 nonzeros.
Reduced MIP has 600 binaries, 0 generals, 0 SOSs, and 0 indicators.
Presolve time = 0,01 sec. (3,26 ticks)
Found incumbent of value 2685,000000 after 0,01 sec. (4,84 ticks)
Probing time = 0,00 sec. (1,20 ticks)
Tried aggregator 1 time.
Detecting symmetries...
MIP Presolve eliminated 115 rows and 0 columns.
MIP Presolve added 230 rows and 0 columns.
Reduced MIP has 640 rows, 600 columns, and 2545 nonzeros.
Reduced MIP has 600 binaries, 0 generals, 0 SOSs, and 0 indicators.
Presolve time = 0,01 sec. (3,20 ticks)
Probing time = 0,00 sec. (1,17 ticks)
Clique table members: 1750.
MIP emphasis: balance optimality and feasibility.
MIP search method: dynamic search.
Parallel mode: deterministic, using up to 16 threads.
Root relaxation solution time = 0,02 sec. (6,96 ticks)

        Nodes                                         Cuts/
   Node  Left     Objective  IInf  Best Integer    Best Bound    ItCnt     Gap

*     0+    0                         2685,0000        0,0000           100,00%
*     0+    0                         1462,0000        0,0000           100,00%
      0     0      564,7500   590     1462,0000      564,7500      384   61,37%
      0     0      576,0219   590     1462,0000     Cuts: 254      559   60,60%
*     0+    0                         1302,0000      576,0219            55,76%
      0     0      581,7547   590     1302,0000     Cuts: 196      680   55,32%
      0     0      585,3266   590     1302,0000     Cuts: 222      767   55,04%
      0     0      586,7473   590     1302,0000     Cuts: 128      866   54,93%
      0     0      588,3622   590     1302,0000     Cuts: 260     1001   54,81%
      0     0      651,9216   590     1302,0000     Cuts: 260     1451   49,93%
      0     0      654,9049   590     1302,0000      Cuts: 58     1548   49,70%
      0     0      656,3994   590     1302,0000  ZeroHalf: 54     1628   49,59%
      0     0      658,4416   590     1302,0000  ZeroHalf: 61     1756   49,43%
      0     0      659,6960   590     1302,0000  ZeroHalf: 56     1920   49,33%
      0     0      660,9995   590     1302,0000     Cuts: 147     2028   49,23%
      0     0      662,3108   590     1302,0000      Cuts: 55     2191   49,13%
      0     0      663,8620   590     1302,0000     Cuts: 101     2327   49,01%
      0     0      665,0376   590     1302,0000      Cuts: 71     2461   48,92%
      0     0      666,7327   590     1302,0000     Cuts: 151     2626   48,79%
      0     0      667,5131   590     1302,0000  ZeroHalf: 57     2788   48,73%
      0     0      668,9983   590     1302,0000     Cuts: 158     2929   48,62%
      0     0      669,6015   590     1302,0000      Cuts: 83     3066   48,57%
      0     0      670,7237   590     1302,0000     Cuts: 121     3283   48,49%
      0     0      671,4495   590     1302,0000     Cuts: 116     3447   48,43%
      0     0      672,7012   590     1302,0000     Cuts: 219     3627   48,33%
      0     0      684,8202   590     1302,0000     Cuts: 143     4050   47,40%
      0     0      687,2233   590     1302,0000     Cuts: 260     4246   47,22%
      0     0      688,0196   590     1302,0000  ZeroHalf: 63     4430   47,16%
      0     0      689,2336   590     1302,0000     Cuts: 194     4704   47,06%
      0     0      690,2918   590     1302,0000     Cuts: 153     4855   46,98%
      0     0      691,5337   590     1302,0000      Cuts: 68     5042   46,89%
      0     0      692,5349   590     1302,0000     Cuts: 148     5234   46,81%
      0     0      693,3690   590     1302,0000      Cuts: 62     5447   46,75%
      0     0      694,0028   590     1302,0000     Cuts: 111     5677   46,70%
      0     0      694,6555   590     1302,0000     Cuts: 143     5864   46,65%
      0     0      695,1362   590     1302,0000  ZeroHalf: 59     6043   46,61%
      0     0      695,7829   590     1302,0000     Cuts: 176     6221   46,56%
*     0+    0                         1271,0000      695,7829            45,26%
      0     0      696,2218   590     1271,0000      Cuts: 66     6448   45,22%
      0     0      696,7714   590     1271,0000     Cuts: 124     6663   45,18%
      0     0      697,2046   590     1271,0000      Cuts: 69     6853   45,15%
      0     0      697,8335   590     1271,0000     Cuts: 159     7108   45,10%
      0     0      698,9127   590     1271,0000     Cuts: 116     7385   45,01%
      0     0      699,5039   590     1271,0000     Cuts: 200     7643   44,96%
      0     0      702,2763   590     1271,0000     Cuts: 109     8078   44,75%
      0     0      703,5384   590     1271,0000     Cuts: 203     8387   44,65%
      0     0      704,3856   590     1271,0000     Cuts: 212     8620   44,58%
      0     0      705,3559   590     1271,0000     Cuts: 128     8883   44,50%
      0     0      706,3619   590     1271,0000     Cuts: 198     9215   44,42%
      0     0      707,0058   590     1271,0000     Cuts: 137     9493   40,96%
      0     0      707,5683   590     1271,0000     Cuts: 156     9733   40,96%
      0     2      707,5683   578     1271,0000      750,4524     9733   40,96%
Elapsed time = 3,05 sec. (2377,05 ticks, tree = 0,02 MB, solutions = 4)
     11     6      868,3019   453     1271,0000      750,4524    11938   40,96%
    951   612     1180,6667    76     1271,0000      753,4727    59425   40,72%
   1643  1179      822,9038   517     1271,0000      753,4727    91216   40,72%
   1982  1533     1164,8889    72     1271,0000      762,2488   113865   40,03%
   2780  2098     1013,6224   269     1271,0000      814,3837   162111   35,93%
   3430  2581     1069,2075   181     1271,0000      814,3837   217365   35,93%
   4178  3102     1054,8880   273     1271,0000      869,3840   268968   31,60%

Performing restart 1

Repeating presolve.
Tried aggregator 2 times.
MIP Presolve eliminated 57 rows and 21 columns.
MIP Presolve added 40 rows and 0 columns.
MIP Presolve modified 32 coefficients.
Aggregator did 16 substitutions.
Reduced MIP has 607 rows, 563 columns, and 2373 nonzeros.
Reduced MIP has 563 binaries, 0 generals, 0 SOSs, and 0 indicators.
Presolve time = 0,00 sec. (3,38 ticks)
Tried aggregator 1 time.
Reduced MIP has 607 rows, 563 columns, and 2373 nonzeros.
Reduced MIP has 563 binaries, 0 generals, 0 SOSs, and 0 indicators.
Presolve time = 0,00 sec. (1,98 ticks)
Represolve time = 0,06 sec. (44,42 ticks)
   4405     0      710,6960   562     1271,0000     Cuts: 132   316260   31,60%
   4405     0      712,3770   562     1271,0000     Cuts: 130   316682   31,60%
   4405     0      713,4522   562     1271,0000     Cuts: 157   317037   31,60%
   4405     0      716,1969   562     1271,0000     Cuts: 172   317444   31,60%
   4405     0      719,8626   562     1271,0000     Cuts: 175   317997   31,60%
   4405     2      719,8626   561     1271,0000      869,3840   317997   31,60%
   4406     3      732,0563   531     1271,0000      869,3840   319155   31,60%
   5383   582      976,7062   463     1271,0000      869,3840   362669   31,60%
Elapsed time = 7,95 sec. (7379,70 ticks, tree = 0,24 MB, solutions = 4)
   6893  1950     1058,9453   445     1271,0000      869,3840   476237   31,60%
   8780  3649     1200,5249   388     1271,0000      869,3840   593143   31,60%

Performing restart 2

Repeating presolve.
Tried aggregator 1 time.
Reduced MIP has 607 rows, 563 columns, and 2373 nonzeros.
Reduced MIP has 563 binaries, 0 generals, 0 SOSs, and 0 indicators.
Presolve time = 0,00 sec. (1,40 ticks)
Tried aggregator 1 time.
Reduced MIP has 607 rows, 563 columns, and 2373 nonzeros.
Reduced MIP has 563 binaries, 0 generals, 0 SOSs, and 0 indicators.
Presolve time = 0,00 sec. (1,98 ticks)
Represolve time = 0,06 sec. (51,09 ticks)
  10076     0      722,9153   561     1271,0000      Cuts: 83   679548   31,60%
  10076     0      725,9363   561     1271,0000     Cuts: 110   680011   31,60%
  10076     0      726,7739   561     1271,0000     Cuts: 133   680309   31,60%
  10076     0      727,4127   561     1271,0000     Cuts: 108   680578   31,60%
  10076     0      727,7596   561     1271,0000     Cuts: 138   680816   31,60%
  10076     0      728,1716   561     1271,0000     Cuts: 134   681092   31,60%
  10076     2      728,1716   560     1271,0000      869,3840   681092   31,60%
* 10499+  271                         1263,0000      869,3840            31,17%
  12793  2039     1094,1459   179     1263,0000      869,3840   772854   31,17%
  15277  4119      921,1114   493     1263,0000      869,3840   934100   31,17%
  17558  5932     1140,6318   309     1263,0000      881,8609  1106524   30,18%
  20225  8004     1014,1524   457     1263,0000      950,2360  1275218   24,76%
  23409 10589     1235,9268   192     1263,0000      969,8565  1454050   23,21%
  26213 12772     1258,4185   132     1263,0000      982,7969  1627118   22,19%
  28891 14841        cutoff           1263,0000      993,1070  1791931   21,37%
Elapsed time = 19,91 sec. (19472,79 ticks, tree = 101,22 MB, solutions = 5)
  31715 16787     1092,3779   404     1263,0000     1001,9258  1951309   20,67%
  34466 18703     1220,1674   313     1263,0000     1012,2399  2103376   19,85%
  37217 20530        cutoff           1263,0000     1020,5378  2253704   19,20%
  40087 22767        cutoff           1263,0000     1027,9375  2432411   18,61%
  43031 24758        cutoff           1263,0000     1034,9041  2588771   18,06%
  45927 26859     1201,7475   320     1263,0000     1041,0151  2758481   17,58%
  48797 29326     1250,9745   286     1263,0000     1046,1875  2962660   17,17%
  51671 31337     1200,7373   364     1263,0000     1050,5133  3120103   16,82%
  54640 33119     1144,4554   376     1263,0000     1054,9649  3267243   16,47%
  57521 35249     1244,5111   264     1263,0000     1058,9851  3447655   16,15%
Elapsed time = 29,50 sec. (29012,68 ticks, tree = 285,78 MB, solutions = 5)
  60566 36899     1242,7380   229     1263,0000     1062,5899  3575151   15,87%
* 63274+38997                         1260,0000     1066,1818            15,38%
  63440 39049     1193,9560   356     1260,0000     1066,3567  3751912   15,37%
  66346 40423     1198,5109   320     1260,0000     1069,9700  3887102   15,08%
  69104 42549     1185,0611   378     1260,0000     1073,2375  4071639   14,82%
  72169 44213     1210,6809   319     1260,0000     1076,6891  4217165   14,55%
  74827 46556     1255,3324   198     1260,0000     1079,7478  4421785   14,31%
  77907 47809     1206,2677   370     1260,0000     1083,2411  4539458   14,03%
  80966 49820     1248,3241    66     1260,0000     1085,9227  4710133   13,82%
  83631 51985        cutoff           1260,0000     1089,0432  4909322   13,57%
  86783 53841     1242,4139   237     1260,0000     1092,0625  5079368   13,33%
Elapsed time = 39,25 sec. (38552,03 ticks, tree = 477,06 MB, solutions = 6)
  89789 55451     1183,7843   373     1260,0000     1094,4495  5214636   13,14%
  92619 57505     1258,6667    10     1260,0000     1096,5616  5403608   12,97%
  95883 58424     1171,4210   376     1260,0000     1099,2351  5490365   12,76%
  98895 61028     1243,4438   294     1260,0000     1101,2839  5697577   12,60%
 101769 62650     1198,1147   372     1260,0000     1103,7069  5853837   12,40%
 104942 64538     1241,9990   341     1260,0000     1106,0594  6028949   12,22%
 107870 65706        cutoff           1260,0000     1108,0064  6127252   12,06%
 110715 67728     1238,3236   344     1260,0000     1110,0444  6325513   11,90%
 113847 69528     1248,2500   165     1260,0000     1112,1868  6493584   11,73%
 116842 71231     1254,4510   286     1260,0000     1113,6204  6635841   11,62%
Elapsed time = 49,14 sec. (48092,04 ticks, tree = 674,28 MB, solutions = 6)
 119805 72957        cutoff           1260,0000     1115,2462  6806553   11,49%
 123091 75098     1240,2987   230     1260,0000     1116,9252  6997557   11,36%
 126155 76535     1224,3330   298     1260,0000     1118,4994  7123742   11,23%
 129054 78211     1241,2688   226     1260,0000     1120,4278  7280456   11,08%
 132312 79417     1176,9933   386     1260,0000     1122,0685  7403250   10,95%
 135333 82163     1232,0783   230     1260,0000     1123,5332  7647864   10,83%
 138287 83742     1248,9600   308     1260,0000     1125,1372  7814335   10,70%
 141425 85589        cutoff           1260,0000     1126,6352  7982741   10,58%
 144396 87204        cutoff           1260,0000     1128,0781  8137917   10,47%
 147407 88175     1193,4455   341     1260,0000     1129,7044  8241671   10,34%
Elapsed time = 58,98 sec. (57630,37 ticks, tree = 850,19 MB, solutions = 6)
 150684 90457     1165,7500   354     1260,0000     1131,0919  8461204   10,23%
 153750 91324     1230,5014   307     1260,0000     1132,4249  8540906   10,13%
 156665 93124     1177,5909   361     1260,0000     1133,7344  8726694   10,02%
 159966 95238        cutoff           1260,0000     1135,0063  8940478    9,92%
 162997 96906     1247,6037   335     1260,0000     1136,2634  9104286    9,82%
 165945 98254     1162,6248   406     1260,0000     1137,6088  9266346    9,71%
 169277 99607     1255,9357   298     1260,0000     1138,8278  9395964    9,62%
 172377 100651     1257,2288   308     1260,0000     1140,1340  9496518    9,51%
 175275 102568        cutoff           1260,0000     1141,3695  9702881    9,42%
 178637 103845     1221,2219   340     1260,0000     1142,6450  9843115    9,31%
Elapsed time = 68,82 sec. (67169,66 ticks, tree = 1009,65 MB, solutions = 6)
 181839 105235        cutoff           1260,0000     1143,7500  9978906    9,23%
 184751 106817     1248,6998   263     1260,0000     1144,8473 10146571    9,14%
 188125 108244     1238,2151   338     1260,0000     1146,0624 10308363    9,04%
 191215 109491     1218,8910   303     1260,0000     1147,1431 10438789    8,96%
 194234 111504     1228,8020   333     1260,0000     1148,0471 10666615    8,89%
 197668 112550     1231,2784   354     1260,0000     1149,2620 10785106    8,79%
 200801 113837        cutoff           1260,0000     1150,1111 10914041    8,72%
 203816 115434        cutoff           1260,0000     1150,9761 11096093    8,65%
 207267 116970        cutoff           1260,0000     1151,9387 11273245    8,58%
 210484 118929     1216,2999   354     1260,0000     1153,0680 11484014    8,49%
Elapsed time = 78,70 sec. (76708,01 ticks, tree = 1183,18 MB, solutions = 6)
 213522 119629     1202,1286   374     1260,0000     1153,9565 11567899    8,42%
 217031 120801     1224,9807   295     1260,0000     1155,0094 11719362    8,33%
 220326 122939     1207,8939   321     1260,0000     1156,0071 11941660    8,25%
 223315 124181     1236,6794   347     1260,0000     1156,8117 12101208    8,19%
 226724 125354     1234,2102   351     1260,0000     1157,7358 12245048    8,12%
 230183 126097     1256,9469   320     1260,0000     1158,6000 12325413    8,05%
 233161 127828     1247,4770   275     1260,0000     1159,3451 12515289    7,99%
 236365 128873     1181,8591   357     1260,0000     1160,2313 12657987    7,92%
 239953 129883        cutoff           1260,0000     1161,0896 12786082    7,85%
 243147 131971        cutoff           1260,0000     1161,8360 13023098    7,79%
Elapsed time = 88,64 sec. (86247,11 ticks, tree = 1326,93 MB, solutions = 6)
 246258 132958     1256,0626   248     1260,0000     1162,5608 13161498    7,73%
 249834 134599        cutoff           1260,0000     1163,4487 13364848    7,66%
 253086 135833     1216,6370   341     1260,0000     1164,2583 13512796    7,60%
 256184 136492     1242,3148   298     1260,0000     1164,9741 13607113    7,54%
 259831 138074     1256,5806   279     1260,0000     1165,6768 13825832    7,49%
 263086 138525     1206,2091   309     1260,0000     1166,4442 13886934    7,43%
 266183 140312        cutoff           1260,0000     1167,0476 14136481    7,38%
 269764 140787     1255,8168   300     1260,0000     1167,8109 14206623    7,32%
 273239 142146        cutoff           1260,0000     1168,6223 14384740    7,25%
 286536 146738        cutoff           1260,0000     1171,3255 15018771    7,04%
Elapsed time = 101,70 sec. (98646,47 ticks, tree = 1478,97 MB, solutions = 6)
 300096 151111     1232,1250   284     1260,0000     1173,8097 15652234    6,84%
 313904 155278     1237,7761   337     1260,0000     1176,3182 16321750    6,64%
 328037 158594     1216,5250   296     1260,0000     1178,7486 16834787    6,45%
 341668 162094     1231,6386   351     1260,0000     1181,0341 17454277    6,27%
 355246 165483     1255,0032   287     1260,0000     1183,1296 18091038    6,10%
 369294 168406        cutoff           1260,0000     1185,2551 18713666    5,93%
*376357+169779                         1257,0000     1186,3659             5,62%
 383616 169715        cutoff           1257,0000     1187,3629 19335376    5,54%
 397630 171629     1241,5545   344     1257,0000     1189,4644 19941335    5,37%
 411494 173264     1240,2727   343     1257,0000     1191,5140 20514709    5,21%
 425484 174705        cutoff           1257,0000     1193,3895 21165724    5,06%
Elapsed time = 142,51 sec. (136795,56 ticks, tree = 1755,36 MB, solutions = 7)
 439698 175749        cutoff           1257,0000     1195,3429 21753539    4,91%
 454250 176724        cutoff           1257,0000     1197,2121 22343997    4,76%
 468953 177289     1229,5062   220     1257,0000     1199,0683 22906948    4,61%
*481926 177699      integral     0     1251,0000     1200,6433 23476594    4,03%
 483766 177691        cutoff           1251,0000     1200,9253 23489066    4,00%
 497901 166612        cutoff           1251,0000     1202,6881 24060716    3,86%
 512300 164465     1240,9949   324     1251,0000     1204,6921 24661170    3,70%
 526753 161930     1232,7000   347     1251,0000     1206,7530 25265630    3,54%
 541525 158863        cutoff           1251,0000     1208,8750 25832664    3,37%
 556759 154755        cutoff           1251,0000     1210,9658 26474736    3,20%
 572256 150223     1245,5000   327     1251,0000     1213,0943 27073263    3,03%
Elapsed time = 185,43 sec. (174945,07 ticks, tree = 1489,70 MB, solutions = 8)
 588039 145248        cutoff           1251,0000     1215,1695 27601244    2,86%
 604257 138759        cutoff           1251,0000     1217,2386 28209486    2,70%
 620918 131834        cutoff           1251,0000     1219,4333 28764856    2,52%
 638261 124125        cutoff           1251,0000     1221,5326 29286820    2,36%
 656152 115697        cutoff           1251,0000     1223,7597 29783930    2,18%
 674908 103074        cutoff           1251,0000     1226,2668 30437776    1,98%
 694680 89371        cutoff           1251,0000     1229,2678 30964104    1,74%
 715241 74582        cutoff           1251,0000     1232,6136 31505393    1,47%
 738452 52445        cutoff           1251,0000     1236,6889 32143158    1,14%
 767630 24423        cutoff           1251,0000     1242,6161 32644257    0,67%
Elapsed time = 235,89 sec. (213093,61 ticks, tree = 223,03 MB, solutions = 8)

Clique cuts applied:  2
Cover cuts applied:  793
Flow cuts applied:  17
Mixed integer rounding cuts applied:  425
Zero-half cuts applied:  257
Lift and project cuts applied:  58
Gomory fractional cuts applied:  23

Root node processing (before b&c):
  Real time             =    3,04 sec. (2373,26 ticks)
Parallel b&c, 16 threads:
  Real time             =  237,43 sec. (212901,08 ticks)
  Sync time (average)   =   35,93 sec.
  Wait time (average)   =    0,03 sec.
                          ------------
Total (root+branch&cut) =  240,47 sec. (215274,33 ticks)
