Version identifier: 12.10.0.0 | 2019-11-26 | 843d4de
CPXPARAM_WorkMem                                 28672
Tried aggregator 2 times.
MIP Presolve modified 150 coefficients.
Aggregator did 100 substitutions.
Reduced MIP has 525 rows, 600 columns, and 2535 nonzeros.
Reduced MIP has 600 binaries, 0 generals, 0 SOSs, and 0 indicators.
Presolve time = 0,01 sec. (3,38 ticks)
Found incumbent of value 2885,000000 after 0,02 sec. (5,03 ticks)
Probing time = 0,00 sec. (1,32 ticks)
Tried aggregator 1 time.
Detecting symmetries...
MIP Presolve eliminated 95 rows and 0 columns.
MIP Presolve added 190 rows and 0 columns.
Reduced MIP has 620 rows, 600 columns, and 2630 nonzeros.
Reduced MIP has 600 binaries, 0 generals, 0 SOSs, and 0 indicators.
Presolve time = 0,00 sec. (3,25 ticks)
Probing time = 0,00 sec. (1,30 ticks)
Clique table members: 1855.
MIP emphasis: balance optimality and feasibility.
MIP search method: dynamic search.
Parallel mode: deterministic, using up to 16 threads.
Root relaxation solution time = 0,01 sec. (5,95 ticks)

        Nodes                                         Cuts/
   Node  Left     Objective  IInf  Best Integer    Best Bound    ItCnt     Gap

*     0+    0                         2885,0000        0,0000           100,00%
*     0+    0                         1652,0000        0,0000           100,00%
      0     0      617,5000   585     1652,0000      617,5000      361   62,62%
*     0+    0                         1572,0000      617,5000            60,72%
*     0+    0                         1438,0000      617,5000            57,06%
      0     0      629,3515   585     1438,0000     Cuts: 255      838   56,23%
      0     0      633,9800   585     1438,0000     Cuts: 229      986   55,91%
      0     0      636,5832   585     1438,0000     Cuts: 255     1098   55,73%
      0     0      637,8549   585     1438,0000     Cuts: 174     1184   55,64%
*     0+    0                         1437,0000      637,8549            55,61%
      0     0      639,1616   585     1437,0000     Cuts: 222     1284   55,52%
      0     0      722,9370   585     1437,0000     Cuts: 255     1767   49,69%
      0     0      733,4575   585     1437,0000     Cuts: 255     1975   48,96%
      0     0      737,4053   585     1437,0000     Cuts: 128     2110   48,68%
*     0+    0                         1436,0000      737,4053            48,65%
      0     0      739,2656   585     1436,0000      Cuts: 81     2193   48,52%
      0     0      740,8162   585     1436,0000     Cuts: 108     2347   48,41%
      0     0      742,1165   585     1436,0000  ZeroHalf: 84     2476   48,32%
      0     0      743,5093   585     1436,0000     Cuts: 255     2574   48,22%
      0     0      744,7906   585     1436,0000  ZeroHalf: 63     2726   48,13%
      0     0      745,8236   585     1436,0000      Cuts: 98     2862   48,06%
      0     0      746,6123   585     1436,0000     Cuts: 167     3011   48,01%
      0     0      747,6148   585     1436,0000      Cuts: 71     3168   47,94%
      0     0      748,8609   585     1436,0000     Cuts: 119     3350   47,85%
      0     0      750,5057   585     1436,0000     Cuts: 111     3516   47,74%
      0     0      751,4110   585     1436,0000     Cuts: 153     3683   47,67%
      0     0      753,0828   585     1436,0000     Cuts: 163     3811   47,56%
      0     0      754,8587   585     1436,0000     Cuts: 124     4006   47,43%
      0     0      755,7155   585     1436,0000     Cuts: 114     4206   47,37%
      0     0      756,2424   585     1436,0000      Cuts: 82     4319   47,34%
      0     0      773,8304   585     1436,0000     Cuts: 174     4874   46,11%
      0     0      777,8407   585     1436,0000     Cuts: 255     5166   45,83%
      0     0      779,4089   585     1436,0000     Cuts: 124     5395   45,72%
      0     0      780,4932   585     1436,0000     Cuts: 154     5599   45,65%
      0     0      781,3113   585     1436,0000     Cuts: 129     5778   45,59%
      0     0      782,1987   585     1436,0000     Cuts: 127     5975   45,53%
      0     0      783,2524   585     1436,0000     Cuts: 141     6186   45,46%
      0     0      784,0226   585     1436,0000     Cuts: 197     6416   45,40%
      0     0      784,8561   585     1436,0000     Cuts: 146     6623   45,34%
      0     0      785,8238   585     1436,0000     Cuts: 147     6813   45,28%
      0     0      786,3075   585     1436,0000     Cuts: 108     6996   45,24%
      0     0      787,0011   585     1436,0000     Cuts: 209     7235   45,19%
      0     0      787,5050   585     1436,0000     Cuts: 166     7440   45,16%
      0     0      788,2579   585     1436,0000     Cuts: 108     7674   45,11%
      0     0      789,0288   585     1436,0000     Cuts: 202     7877   45,05%
      0     0      789,5712   585     1436,0000     Cuts: 158     8080   45,02%
      0     0      790,3769   585     1436,0000     Cuts: 147     8315   44,96%
      0     0      791,0895   585     1436,0000     Cuts: 193     8566   44,91%
      0     0      791,7351   585     1436,0000     Cuts: 187     8883   44,87%
      0     0      792,4401   585     1436,0000     Cuts: 176     9211   41,43%
*     0+    0                         1435,0000      841,0000            41,39%
      0     0      793,0340   585     1435,0000     Cuts: 128     9501   41,12%
      0     2      793,0340   573     1435,0000      844,8611     9501   41,12%
Elapsed time = 2,98 sec. (2273,12 ticks, tree = 0,02 MB, solutions = 7)
      5     7      937,1052   456     1435,0000      844,8611    12244   41,12%
   1310   887     1292,7500    60     1435,0000      844,8611    54935   41,12%
   1855  1451     1340,6224    98     1435,0000      860,1746    75483   40,06%
   2035   778     1030,2439   403     1435,0000      860,9420    50788   40,00%
   2532  1954     1275,0208    62     1435,0000      860,9420    95782   40,00%
   3743  2812     1087,8687   377     1435,0000      860,9420   128019   40,00%
   4464  3666     1098,8122   375     1435,0000      862,1756   178644   39,92%

Performing restart 1

Repeating presolve.
Tried aggregator 2 times.
MIP Presolve eliminated 51 rows and 24 columns.
MIP Presolve added 24 rows and 0 columns.
MIP Presolve modified 48 coefficients.
Aggregator did 12 substitutions.
Reduced MIP has 581 rows, 560 columns, and 2416 nonzeros.
Reduced MIP has 560 binaries, 0 generals, 0 SOSs, and 0 indicators.
Presolve time = 0,00 sec. (3,41 ticks)
Tried aggregator 1 time.
Reduced MIP has 581 rows, 560 columns, and 2416 nonzeros.
Reduced MIP has 560 binaries, 0 generals, 0 SOSs, and 0 indicators.
Presolve time = 0,00 sec. (1,98 ticks)
Represolve time = 0,06 sec. (45,74 ticks)
   4521     0      795,4210   557     1435,0000     Cuts: 133   205881   39,92%
   4521     0      796,8994   557     1435,0000     Cuts: 114   206199   39,92%
   4521     0      798,8944   557     1435,0000     Cuts: 150   206505   39,92%
   4521     0      802,8634   557     1435,0000     Cuts: 200   206962   39,92%
   4521     2      802,8634   558     1435,0000      862,1756   206962   39,92%
   4523     3      807,1176   557     1435,0000      862,1756   207239   39,92%
   4857   208     1401,2962    53     1435,0000      862,1756   264608   39,92%
Elapsed time = 7,98 sec. (7257,83 ticks, tree = 0,17 MB, solutions = 7)
   6298  1237      989,9183   494     1435,0000      862,1756   409629   39,92%
   7788  2378     1298,5101   412     1435,0000      876,8346   549617   38,90%
   9546  3890     1250,3726   411     1435,0000      876,8346   706525   38,90%
  11625  5858     1097,0929   445     1435,0000      885,8027   880829   38,27%
  14123  8033     1143,8436   455     1435,0000      916,7256  1062119   36,12%
  16459 10235     1371,9574   390     1435,0000      926,4755  1247007   35,44%
  18626 12214     1108,2174   467     1435,0000      931,9654  1410452   35,05%
  21717 15011     1359,0490   365     1435,0000      938,1304  1564241   34,63%
  25279 17805     1182,2426   386     1435,0000      943,6511  1685750   34,24%
  28782 21611     1198,3445   412     1435,0000      948,7288  1859149   33,89%
Elapsed time = 17,62 sec. (16800,05 ticks, tree = 100,76 MB, solutions = 7)
  31827 24359     1122,0622   473     1435,0000      954,5626  2000129   33,48%
  35378 27669     1421,9355   190     1435,0000      962,0527  2138845   32,96%
  38525 30231     1325,7746   420     1435,0000      966,2328  2270008   32,67%
  42092 33399    infeasible           1435,0000      972,2333  2411032   32,25%
  45712 35826     1432,5402   153     1435,0000      978,2627  2519961   31,83%
  47539 38655     1276,3224   418     1435,0000      980,5823  2651377   31,67%
  49371 40335     1199,6290   426     1435,0000      981,9806  2736924   31,57%
  51478 42383     1278,7188   426     1435,0000      981,9806  2834926   31,57%
  54100 44774     1238,0205   430     1435,0000      981,9806  2935174   31,57%
  57464 46303     1192,5167   439     1435,0000      994,5544  3022421   30,69%
Elapsed time = 27,28 sec. (26339,76 ticks, tree = 344,94 MB, solutions = 7)
  60961 50598     1347,6960   370     1435,0000      998,3712  3202477   30,43%
  64278 52299     1242,8129   371     1435,0000     1000,5256  3292084   30,28%
  68172 55681     1342,9095   340     1435,0000     1005,1328  3449174   29,96%
  71538 60299     1424,8322   350     1435,0000     1008,6948  3647038   29,71%
  75248 63061     1315,9099   376     1435,0000     1011,8709  3781397   29,49%
  78880 65583     1198,6554   449     1435,0000     1014,8297  3878721   29,28%
  82139 69435     1174,4690   448     1435,0000     1017,6540  4042046   29,08%
  85995 72460     1256,1518   432     1435,0000     1020,7201  4179499   28,87%
  89228 74661     1325,7295   393     1435,0000     1022,8059  4268179   28,72%

Performing restart 2

Repeating presolve.
Tried aggregator 1 time.
Reduced MIP has 581 rows, 560 columns, and 2416 nonzeros.
Reduced MIP has 560 binaries, 0 generals, 0 SOSs, and 0 indicators.
Presolve time = 0,00 sec. (1,40 ticks)
Tried aggregator 1 time.
Reduced MIP has 581 rows, 560 columns, and 2416 nonzeros.
Reduced MIP has 560 binaries, 0 generals, 0 SOSs, and 0 indicators.
Presolve time = 0,00 sec. (1,98 ticks)
Represolve time = 0,10 sec. (57,82 ticks)
  89587     0      813,7052   559     1435,0000     Cuts: 121  4395718   28,56%
  89587     0      815,5680   559     1435,0000      Cuts: 99  4396078   28,56%
  89587     0      819,7851   559     1435,0000     Cuts: 172  4396647   28,56%
  89587     0      822,8835   559     1435,0000     Cuts: 206  4397189   28,56%
  89587     0      825,1002   559     1435,0000     Cuts: 180  4397603   28,56%
  89587     0      827,4516   559     1435,0000     Cuts: 231  4398018   28,56%
  89587     0      829,4532   559     1435,0000     Cuts: 244  4398414   28,56%
  89587     2      829,4532   559     1435,0000     1025,1439  4398414   28,56%
Elapsed time = 39,63 sec. (38874,01 ticks, tree = 0,02 MB, solutions = 7)
  89636    14      946,1109   480     1435,0000     1025,1439  4404869   28,56%
  89941   237     1009,7461   480     1435,0000     1025,1439  4462659   28,56%
  90969   939     1340,5157   242     1435,0000     1025,1439  4523740   28,56%
  92555  2240     1422,3226   175     1435,0000     1025,1439  4639159   28,56%
  94799  4299     1405,2208   262     1435,0000     1025,1439  4756231   28,56%
  97078  6114     1386,2968   207     1435,0000     1025,1439  4859514   28,56%
  99123  8289     1296,4124   256     1435,0000     1025,1439  4983335   28,56%
 101363 10033     1355,5526   242     1435,0000     1025,1439  5086713   28,56%
 103664 12060     1300,9690   283     1435,0000     1025,1439  5194760   28,56%
 105906 13930     1292,8467   309     1435,0000     1025,1439  5308521   28,56%
Elapsed time = 50,14 sec. (48427,23 ticks, tree = 151,71 MB, solutions = 7)
 108012 15865     1307,0621   217     1435,0000     1025,1439  5430270   28,56%
 110106 17871     1134,9636   451     1435,0000     1025,1439  5556473   28,56%
 112382 19865     1415,1838   209     1435,0000     1025,1439  5684223   28,56%
 114532 21380     1410,8280   272     1435,0000     1025,1439  5774322   28,56%
 116619 23506     1419,4718   270     1435,0000     1025,1439  5912420   28,56%
 118905 25072     1184,9297   406     1435,0000     1027,2165  6002564   28,42%
 121080 27009        cutoff           1435,0000     1030,9879  6122504   28,15%
 123056 28603     1304,5792   373     1435,0000     1033,6242  6233507   27,97%
 125192 30737     1410,2569   239     1435,0000     1038,4045  6372728   27,64%
 127395 32816     1351,2250   295     1435,0000     1042,3675  6499551   27,36%
Elapsed time = 61,01 sec. (57967,90 ticks, tree = 377,16 MB, solutions = 7)
 129720 35122     1166,0728   449     1435,0000     1045,4843  6630375   27,14%
 132054 36514     1355,9960   240     1435,0000     1048,3322  6713903   26,95%
 134374 38574     1290,9742   327     1435,0000     1051,8105  6837153   26,70%
 136587 40596     1364,1872   293     1435,0000     1055,1989  6954271   26,47%
 138871 42707     1229,7505   360     1435,0000     1057,7213  7087058   26,29%
 141080 44318        cutoff           1435,0000     1060,8968  7187888   26,07%
 143446 46914     1308,0084   331     1435,0000     1063,2963  7347537   25,90%
 145856 48739     1423,7782   268     1435,0000     1065,6689  7450197   25,74%
 148245 50404     1208,3840   423     1435,0000     1067,8696  7549105   25,58%
 150417 52494     1402,0087   226     1435,0000     1069,8941  7668043   25,44%
Elapsed time = 71,80 sec. (67508,49 ticks, tree = 600,16 MB, solutions = 7)
 152440 54302     1352,0525   236     1435,0000     1072,9452  7787528   25,23%
 154633 55627     1411,7915   254     1435,0000     1074,7150  7884382   25,11%
 156825 58104     1379,5803   263     1435,0000     1076,8213  8043255   24,96%
 159038 59824     1307,3667   332     1435,0000     1078,4616  8155287   24,85%
 161351 61392     1388,1307   294     1435,0000     1080,9890  8255817   24,67%
 163418 62812     1385,0285   249     1435,0000     1083,3922  8346286   24,50%
 165453 64903     1248,2265   409     1435,0000     1085,2993  8485765   24,37%
 167580 66894     1378,4568   264     1435,0000     1087,6183  8631638   24,21%
 169943 69528     1226,4548   406     1435,0000     1089,0537  8793600   24,11%
 172186 70771     1305,8085   362     1435,0000     1090,6019  8876892   24,00%
Elapsed time = 82,20 sec. (77049,80 ticks, tree = 839,26 MB, solutions = 7)
 174377 71895     1422,9849   293     1435,0000     1092,7573  8945403   23,85%
 176590 74524     1303,6056   374     1435,0000     1094,4118  9108971   23,73%
 178711 76453     1406,3623   294     1435,0000     1096,0074  9246103   23,62%
 181006 77416     1415,9703   234     1435,0000     1097,5168  9309247   23,52%
 183378 80153     1213,2688   427     1435,0000     1098,9807  9483695   23,42%
 185594 81880        cutoff           1435,0000     1100,7573  9588998   23,29%
 187748 84326     1402,1574   236     1435,0000     1102,8261  9744157   23,15%
 190123 85775     1376,1028   255     1435,0000     1104,5059  9839326   23,03%
 192361 88243     1216,6414   426     1435,0000     1105,8959 10003307   22,93%
 194813 89180     1433,8918   232     1435,0000     1107,1747 10061848   22,84%
Elapsed time = 92,65 sec. (86588,88 ticks, tree = 1055,47 MB, solutions = 7)
 197075 91208     1376,6212   336     1435,0000     1108,6520 10177430   22,74%
 199607 92895        cutoff           1435,0000     1110,4813 10277651   22,61%
 202009 95685     1279,5137   400     1435,0000     1111,8689 10441500   22,52%
 204222 97870     1389,9575   233     1435,0000     1113,1685 10570993   22,43%
 206550 100226     1419,4503   295     1435,0000     1114,6972 10732490   22,32%
 208842 101435     1205,5607   426     1435,0000     1115,8357 10808012   22,24%
 211073 103545     1169,7921   446     1435,0000     1117,0971 10934991   22,15%
 213537 106341     1405,5400   298     1435,0000     1118,6387 11110689   22,05%
 215876 107635     1338,5178   315     1435,0000     1120,1458 11188169   21,94%
 224785 115487     1343,8384   255     1435,0000     1125,2094 11707006   21,59%
Elapsed time = 106,08 sec. (98991,38 ticks, tree = 1410,74 MB, solutions = 7)
 233772 123313     1306,3083   386     1435,0000     1130,1663 12203014   21,24%
 243180 129580     1399,5710   175     1435,0000     1134,9983 12602106   20,91%
 252139 137168     1331,1411   344     1435,0000     1138,9563 13066299   20,63%
 261502 145154     1414,3933   236     1435,0000     1142,5430 13590921   20,38%
 270101 152145     1227,8750   407     1435,0000     1146,2338 14075380   20,12%
 279017 159978     1416,3677   314     1435,0000     1149,4872 14575121   19,90%
 288123 167352     1231,6458   405     1435,0000     1152,5254 15069112   19,68%
 296939 173631     1415,1925   299     1435,0000     1155,5117 15483221   19,48%
 306026 182158     1358,1662   325     1435,0000     1158,3946 16033573   19,28%
 314931 188726     1242,6915   410     1435,0000     1160,9558 16493579   19,10%
Elapsed time = 147,65 sec. (137141,83 ticks, tree = 2427,33 MB, solutions = 7)
 323570 196013     1315,4665   343     1435,0000     1163,5414 16984816   18,92%
 332807 203074     1293,7612   393     1435,0000     1166,4070 17434409   18,72%
 341809 210077     1413,5171   306     1435,0000     1168,7569 17909004   18,55%
 350752 216485     1404,1128   233     1435,0000     1171,0706 18313703   18,39%
 359645 224419     1270,9228   402     1435,0000     1173,3760 18855518   18,23%
 368539 231664     1433,4758   171     1435,0000     1175,3977 19360568   18,09%
 377793 239044     1427,3343   315     1435,0000     1177,7424 19836361   17,93%
 386844 244946     1317,9634   354     1435,0000     1179,8753 20239136   17,78%
 395793 252448     1379,4933   329     1435,0000     1181,7655 20725653   17,65%
 405189 259613     1432,2803   252     1435,0000     1183,6991 21196447   17,51%
Elapsed time = 189,70 sec. (175294,02 ticks, tree = 3424,16 MB, solutions = 7)
 414095 267011     1321,2918   384     1435,0000     1185,3399 21702414   17,40%
 423346 273546        cutoff           1435,0000     1187,1791 22116567   17,27%
 432110 280767        cutoff           1435,0000     1188,9994 22621172   17,14%
 441112 288320     1423,6220   283     1435,0000     1190,6974 23116064   17,02%
 450365 295598     1293,0557   387     1435,0000     1192,3193 23603978   16,91%
 459170 301899     1248,5317   412     1435,0000     1194,0412 24027471   16,79%
 468399 308535     1367,4940   332     1435,0000     1195,7032 24468176   16,68%
 477487 315548     1431,3096   326     1435,0000     1197,3507 24946171   16,56%
 486663 322030        cutoff           1435,0000     1198,7399 25364884   16,46%
 495754 329268     1404,8375   201     1435,0000     1200,3512 25859924   16,35%
Elapsed time = 231,55 sec. (213444,71 ticks, tree = 4389,45 MB, solutions = 7)
 504800 336323     1380,6279   348     1435,0000     1201,9266 26356783   16,24%
 514283 342608     1328,9237   381     1435,0000     1203,3793 26760349   16,14%
*517575+346100                         1433,0000     1203,9278            15,99%
 523341 349584        cutoff           1433,0000     1204,7709 27316495   15,93%
 532171 356575     1381,4936   344     1433,0000     1206,1713 27800135   15,83%
 541294 362618     1285,5004   381     1433,0000     1207,5433 28204390   15,73%
 550647 369294     1396,2450   336     1433,0000     1208,8770 28674485   15,64%
 559467 377227     1425,2563   235     1433,0000     1210,4076 29229797   15,53%
 568607 382266        cutoff           1433,0000     1211,5361 29566943   15,45%
 577225 390036        cutoff           1433,0000     1212,8411 30144465   15,36%
 585946 394737     1386,8714   322     1433,0000     1214,0517 30474814   15,28%
Elapsed time = 273,12 sec. (251595,39 ticks, tree = 5278,71 MB, solutions = 8)
 595177 403150     1256,1182   387     1433,0000     1215,3508 31052652   15,19%
 603937 408722     1390,3628   308     1433,0000     1216,5647 31472600   15,10%
 612980 416124     1313,7477   391     1433,0000     1217,7217 31976353   15,02%
 622135 421563     1374,3185   273     1433,0000     1219,0821 32368057   14,93%
 631130 429216     1344,9077   372     1433,0000     1220,2458 32901178   14,85%
 640608 435335     1419,5850   294     1433,0000     1221,3547 33318856   14,77%
 649619 441391     1429,3585   292     1433,0000     1222,4326 33743237   14,69%
 659014 448881     1274,0845   362     1433,0000     1223,4561 34244150   14,62%
*659338+449736                         1431,0000     1223,5592            14,50%
 667828 452167     1428,4279   296     1431,0000     1224,7034 34710741   14,42%
 676871 458764     1345,4161   359     1431,0000     1225,6537 35170097   14,35%
Elapsed time = 315,19 sec. (289747,26 ticks, tree = 6173,98 MB, solutions = 9)
 686243 465173     1413,5787   274     1431,0000     1226,7050 35618557   14,28%
 695148 471639     1392,2411   298     1431,0000     1227,7100 36081221   14,21%
 704706 477841     1316,0437   379     1431,0000     1228,7565 36489440   14,13%
*711808+483897                         1429,0000     1229,5750            13,96%
 713295 478745     1424,4400   248     1429,0000     1229,7316 36988825   13,94%
 721771 484016     1345,6958   355     1429,0000     1230,8082 37350670   13,87%
 730686 490834     1378,3023   327     1429,0000     1231,6685 37852557   13,81%
 739938 496775     1357,6528   365     1429,0000     1232,6783 38255649   13,74%
 749099 504546     1289,1117   366     1429,0000     1233,7036 38828870   13,67%
 757974 509106     1371,2227   334     1429,0000     1234,6976 39157937   13,60%
 767455 515569     1397,8419   335     1429,0000     1235,6939 39614888   13,53%
Elapsed time = 358,02 sec. (327897,97 ticks, tree = 6963,50 MB, solutions = 10)
 776404 522247     1373,8138   333     1429,0000     1236,7245 40100695   13,46%
 785753 530607     1363,0361   341     1429,0000     1237,6021 40681149   13,39%
 794790 534834     1398,8243   313     1429,0000     1238,5442 41010228   13,33%
 803910 541888        cutoff           1429,0000     1239,4849 41484315   13,26%
 813463 549569     1309,0297   382     1429,0000     1240,3666 42040585   13,20%
 822611 554522     1427,3080   303     1429,0000     1241,2348 42382231   13,14%
 832334 562764     1384,2027   292     1429,0000     1242,1457 42964314   13,08%
 841229 568678     1359,8867   354     1429,0000     1242,9558 43408505   13,02%
 850884 574011     1390,4202   296     1429,0000     1243,8635 43770787   12,96%
 860056 581436     1403,3433   237     1429,0000     1244,6695 44280924   12,90%
Elapsed time = 400,24 sec. (366048,43 ticks, tree = 7891,72 MB, solutions = 10)
 870953 587252     1357,3379   338     1429,0000     1245,5245 44694332   12,84%
 881616 595683     1359,0395   344     1429,0000     1246,2762 45308836   12,79%
 892931 603869     1345,1868   317     1429,0000     1247,3071 45876027   12,71%
 904065 611647     1341,6924   385     1429,0000     1248,2491 46452952   12,65%
 914741 619309     1314,6177   389     1429,0000     1249,1237 46998134   12,59%
 926835 627500     1328,4320   345     1429,0000     1250,0829 47569797   12,52%
 937859 634532     1388,8455   335     1429,0000     1250,9410 48065014   12,46%
 949866 641266     1419,6952   307     1429,0000     1251,8863 48531834   12,39%
 960827 648705     1403,6497   335     1429,0000     1252,7019 49050909   12,34%
 972920 656599        cutoff           1429,0000     1253,6280 49598705   12,27%
Elapsed time = 438,97 sec. (404198,95 ticks, tree = 8919,74 MB, solutions = 10)
 984174 666636     1356,6052   358     1429,0000     1254,4623 50295335   12,21%
 996094 672091     1401,2037   295     1429,0000     1255,3512 50651011   12,15%
 1007216 681049     1403,8663   343     1429,0000     1256,1472 51298870   12,10%
 1019128 689172        cutoff           1429,0000     1256,9940 51859580   12,04%
 1030280 695847     1426,2130   273     1429,0000     1257,8289 52341771   11,98%
 1041748 702927     1371,1536   333     1429,0000     1258,6133 52845370   11,92%
 1052838 711066     1427,6651   274     1429,0000     1259,3732 53453489   11,87%
 1064364 719910     1425,9214   221     1429,0000     1260,1370 54070916   11,82%
 1075008 724683        cutoff           1429,0000     1260,9034 54451232   11,76%
 1086560 732275     1407,0986   272     1429,0000     1261,6754 55008425   11,71%
Elapsed time = 477,81 sec. (442349,28 ticks, tree = 9992,26 MB, solutions = 10)
 1097326 740139     1322,2271   343     1429,0000     1262,4330 55592223   11,66%
 1108695 749140     1340,3662   355     1429,0000     1263,2197 56278606   11,60%
 1118750 754792     1406,9400   330     1429,0000     1263,9041 56741332   11,55%
 1129618 760256     1411,7255   308     1429,0000     1264,6592 57190287   11,50%
 1139593 767391     1337,0234   364     1429,0000     1265,3223 57815177   11,45%
 1150231 773610     1354,7921   350     1429,0000     1266,0000 58336605   11,41%
 1160043 779766     1417,9448   312     1429,0000     1266,6600 58896253   11,36%
 1170500 785383     1321,0518   365     1429,0000     1267,3404 59375618   11,31%
 1179996 791969     1324,2121   357     1429,0000     1267,9990 59990752   11,27%
 1190586 798554     1399,5892   310     1429,0000     1268,7579 60565369   11,21%
Elapsed time = 516,66 sec. (480500,25 ticks, tree = 10903,25 MB, solutions = 10)
 1200374 804640        cutoff           1429,0000     1269,3936 61122802   11,17%
 1211124 810414     1424,0421   290     1429,0000     1270,0872 61607117   11,12%
 1220826 815524     1427,5168   297     1429,0000     1270,6949 62074046   11,08%
 1231672 822397     1383,6353   285     1429,0000     1271,3250 62692156   11,03%
 1241446 828248     1364,6124   348     1429,0000     1271,9343 63204124   10,99%
 1252167 835952     1412,0759   286     1429,0000     1272,5776 63901717   10,95%
 1261994 841179     1386,9482   313     1429,0000     1273,1418 64369202   10,91%
 1272767 846521     1426,1757   292     1429,0000     1273,7915 64859215   10,86%
 1282393 853326     1395,7631   305     1429,0000     1274,3957 65457462   10,82%
 1292806 860271     1403,8573   321     1429,0000     1275,0113 66089478   10,78%
Elapsed time = 556,27 sec. (518650,46 ticks, tree = 11755,70 MB, solutions = 10)
 1302496 864509        cutoff           1429,0000     1275,5266 66458477   10,74%
 1313094 870588     1380,3827   340     1429,0000     1276,1147 67028237   10,70%
 1322811 878503        cutoff           1429,0000     1276,6497 67722086   10,66%
 1333156 884377     1353,4901   356     1429,0000     1277,2066 68275897   10,62%
 1342936 888423        cutoff           1429,0000     1277,7687 68636423   10,58%
 1353294 893512     1366,7953   341     1429,0000     1278,2835 69139631   10,55%
 1363449 900627     1412,5909   272     1429,0000     1278,8487 69731945   10,51%
 1373842 907931     1358,2004   328     1429,0000     1279,3869 70426167   10,47%
 1383814 913557     1418,5497   283     1429,0000     1279,9284 70923631   10,43%
 1393724 918948     1325,4250   375     1429,0000     1280,4185 71460111   10,40%
Elapsed time = 595,38 sec. (556801,94 ticks, tree = 12529,89 MB, solutions = 10)
 1404307 923828     1332,6372   327     1429,0000     1280,9406 71876757   10,36%
 1413744 929315     1387,3277   247     1429,0000     1281,4227 72408962   10,33%
 1424376 935014     1380,1136   237     1429,0000     1281,9411 72934432   10,29%
 1434007 941454        cutoff           1429,0000     1282,4010 73516501   10,26%
 1444757 948496        cutoff           1429,0000     1282,9279 74180028   10,22%
 1454776 954247        cutoff           1429,0000     1283,3801 74698914   10,19%
 1465149 957687     1388,4938   310     1429,0000     1283,9215 75046530   10,15%
 1475371 965280     1423,8153   300     1429,0000     1284,4070 75706886   10,12%
 1485256 971333     1401,9546   306     1429,0000     1284,8712 76305133   10,09%
 1495903 976502     1421,7601   278     1429,0000     1285,3904 76755037   10,05%
Elapsed time = 634,40 sec. (594951,24 ticks, tree = 13352,26 MB, solutions = 10)
 1505562 982450     1326,4357   388     1429,0000     1285,8155 77314369   10,02%
 1516131 988463     1414,1828   295     1429,0000     1286,3459 77872167    9,98%
 1525659 993039     1330,3683   367     1429,0000     1286,7985 78283246    9,95%
*1531262 996371      integral     0     1427,0000     1287,0668 78640743    9,81%
 1535869 988108     1411,9241   253     1427,0000     1287,2254 78847536    9,79%
 1545447 993382     1377,9500   310     1427,0000     1287,6954 79323668    9,76%
 1555324 1000798     1415,1978   287     1427,0000     1288,1346 80064820    9,73%
*1558176 1001465      integral     0     1424,0000     1288,2612 80123920    9,53%
*1560151+977793                         1417,0000     1288,3201             9,08%
 1565193 979295     1343,2498   385     1417,0000     1288,5744 80372945    9,06%
 1574231 901661     1366,1003   345     1417,0000     1289,0070 80873356    9,03%
 1584023 906736     1378,5189   313     1417,0000     1289,4304 81467492    9,00%
 1592714 911125        cutoff           1417,0000     1289,8712 81978647    8,97%
Elapsed time = 674,24 sec. (633102,88 ticks, tree = 12477,21 MB, solutions = 13)
 1602789 915653     1411,9159   300     1417,0000     1290,3625 82506022    8,94%
 1611612 921914     1400,1658   297     1417,0000     1290,7993 83218408    8,91%
 1621299 925702        cutoff           1417,0000     1291,2709 83671573    8,87%
 1630973 929780     1406,9885   314     1417,0000     1291,7405 84104180    8,84%
 1640103 934708        cutoff           1417,0000     1292,2014 84704595    8,81%
 1650211 939649     1409,5821   331     1417,0000     1292,6156 85255354    8,78%
 1659270 944596     1411,9084   330     1417,0000     1293,0194 85840274    8,75%
 1669400 947986     1345,0327   332     1417,0000     1293,4831 86224095    8,72%
 1678245 952779        cutoff           1417,0000     1293,9151 86748335    8,69%
 1687936 959030     1394,5435   324     1417,0000     1294,3394 87533634    8,66%
Elapsed time = 713,48 sec. (671252,40 ticks, tree = 13090,33 MB, solutions = 13)
 1697731 962054        cutoff           1417,0000     1294,7747 87862704    8,63%
 1706986 966957     1337,8964   353     1417,0000     1295,1583 88474014    8,60%
 1716980 970881        cutoff           1417,0000     1295,6270 88915084    8,57%
 1725766 976262     1409,9089   339     1417,0000     1296,0333 89559039    8,54%
 1735861 980527        cutoff           1417,0000     1296,4456 90082381    8,51%
 1745409 985996     1373,1720   300     1417,0000     1296,8945 90689354    8,48%
 1754829 989769     1346,6270   373     1417,0000     1297,3113 91183733    8,45%
 1764879 993434     1362,9721   323     1417,0000     1297,7177 91582063    8,42%
 1774038 998931     1352,9506   361     1417,0000     1298,1020 92231627    8,39%
 1783990 1002596     1412,3148   323     1417,0000     1298,5405 92671959    8,36%
Elapsed time = 752,85 sec. (709403,35 ticks, tree = 13677,16 MB, solutions = 13)
 1793589 1008191     1404,4769   313     1417,0000     1298,9257 93284889    8,33%
 1803115 1011052     1363,3152   341     1417,0000     1299,2763 93684914    8,31%
 1813233 1017542     1370,0967   356     1417,0000     1299,7301 94421624    8,28%
 1822189 1020091     1405,2775   319     1417,0000     1300,0812 94734177    8,25%
 1832448 1023383     1381,7693   320     1417,0000     1300,4458 95184235    8,23%
 1841881 1028568        cutoff           1417,0000     1300,8994 95754978    8,19%
 1851426 1033353     1408,8493   319     1417,0000     1301,2168 96362991    8,17%
 1861668 1037368        cutoff           1417,0000     1301,5966 96847677    8,14%
 1870708 1042191     1393,1098   270     1417,0000     1301,9874 97412405    8,12%
 1881359 1046520     1353,8553   310     1417,0000     1302,3243 97965755    8,09%
Elapsed time = 792,26 sec. (747553,61 ticks, tree = 14252,06 MB, solutions = 13)
 1890946 1051146     1351,6490   355     1417,0000     1302,7518 98468024    8,06%
 1900689 1054676        cutoff           1417,0000     1303,0981 98931037    8,04%
 1911120 1061260     1388,2967   332     1417,0000     1303,4974 99696428    8,01%
 1920274 1065275     1408,0226   328     1417,0000     1303,8854 1,00e+08    7,98%
 1930820 1068899        cutoff           1417,0000     1304,2382 1,01e+08    7,96%
 1940502 1074102        cutoff           1417,0000     1304,6299 1,01e+08    7,93%
 1950008 1077234     1384,0538   301     1417,0000     1304,9406 1,02e+08    7,91%
 1960449 1080948        cutoff           1417,0000     1305,3266 1,02e+08    7,88%
 1969688 1085623     1368,2586   288     1417,0000     1305,7188 1,03e+08    7,85%
 1979876 1090729        cutoff           1417,0000     1306,0094 1,03e+08    7,83%
Elapsed time = 831,76 sec. (785706,18 ticks, tree = 14823,04 MB, solutions = 13)
 1989728 1095540     1412,3015   290     1417,0000     1306,4333 1,04e+08    7,80%
 1998974 1099705     1403,5208   273     1417,0000     1306,7678 1,04e+08    7,78%
 2009519 1101752        cutoff           1417,0000     1307,1260 1,05e+08    7,75%
 2018620 1108175     1400,4729   298     1417,0000     1307,4995 1,06e+08    7,73%
 2028967 1112502     1400,7502   347     1417,0000     1307,8026 1,06e+08    7,71%
 2039163 1116962        cutoff           1417,0000     1308,1863 1,07e+08    7,68%
 2048278 1119122     1368,4019   362     1417,0000     1308,4940 1,07e+08    7,66%
 2059058 1123785     1408,4255   279     1417,0000     1308,8395 1,08e+08    7,63%
 2068697 1127572     1413,5506   290     1417,0000     1309,1893 1,08e+08    7,61%
 2078336 1132462     1373,3286   330     1417,0000     1309,4728 1,09e+08    7,59%
Elapsed time = 871,17 sec. (823857,01 ticks, tree = 15351,13 MB, solutions = 13)
 2089026 1136786     1365,6898   309     1417,0000     1309,8174 1,09e+08    7,56%
 2098290 1140422     1394,0853   298     1417,0000     1310,2037 1,10e+08    7,54%
 2108735 1144411     1398,4872   345     1417,0000     1310,4793 1,10e+08    7,52%
 2118875 1149953        cutoff           1417,0000     1310,8419 1,11e+08    7,49%
 2128213 1151997     1409,3424   311     1417,0000     1311,1392 1,11e+08    7,47%
 2138903 1157339     1415,7234   231     1417,0000     1311,4718 1,12e+08    7,45%
 2148784 1161419        cutoff           1417,0000     1311,7897 1,12e+08    7,42%
 2158421 1164224     1388,1374   328     1417,0000     1312,0887 1,13e+08    7,40%
 2169312 1168023     1372,2430   346     1417,0000     1312,4189 1,13e+08    7,38%
 2178731 1172889        cutoff           1417,0000     1312,7803 1,14e+08    7,35%
Elapsed time = 910,72 sec. (862007,39 ticks, tree = 15911,91 MB, solutions = 13)
 2188935 1177687        cutoff           1417,0000     1313,0550 1,14e+08    7,34%
 2199744 1181315     1405,0885   335     1417,0000     1313,3908 1,15e+08    7,31%
 2209243 1185502     1346,5614   364     1417,0000     1313,6891 1,15e+08    7,29%
 2219502 1189356     1399,7154   268     1417,0000     1313,9617 1,16e+08    7,27%
 2230091 1195219     1409,5048   334     1417,0000     1314,3581 1,17e+08    7,24%
 2239359 1196764     1410,9717   337     1417,0000     1314,6503 1,17e+08    7,22%
 2249813 1201112        cutoff           1417,0000     1314,9372 1,18e+08    7,20%
 2260288 1204976        cutoff           1417,0000     1315,2579 1,18e+08    7,18%
 2269492 1209102     1382,3056   321     1417,0000     1315,5679 1,19e+08    7,16%
 2280213 1212608        cutoff           1417,0000     1315,8299 1,19e+08    7,14%
Elapsed time = 950,27 sec. (900158,43 ticks, tree = 16371,91 MB, solutions = 13)
 2290157 1218083        cutoff           1417,0000     1316,1449 1,20e+08    7,12%
 2300006 1221775        cutoff           1417,0000     1316,4572 1,20e+08    7,10%
 2310841 1223947        cutoff           1417,0000     1316,7322 1,21e+08    7,08%
 2320539 1229659     1413,8835   227     1417,0000     1317,0679 1,21e+08    7,05%
 2330357 1233601        cutoff           1417,0000     1317,3304 1,22e+08    7,03%
 2341328 1237200     1359,5913   329     1417,0000     1317,5859 1,22e+08    7,02%
 2350585 1239625     1345,6677   296     1417,0000     1317,9299 1,23e+08    6,99%
 2360966 1244615        cutoff           1417,0000     1318,1649 1,24e+08    6,97%
 2371573 1246618        cutoff           1417,0000     1318,4639 1,24e+08    6,95%
 2381042 1251059     1413,6465   316     1417,0000     1318,7566 1,24e+08    6,93%
Elapsed time = 989,81 sec. (938308,91 ticks, tree = 16863,88 MB, solutions = 13)
 2391510 1255870     1382,8085   300     1417,0000     1319,0144 1,25e+08    6,92%
 2402008 1260156     1411,5500   294     1417,0000     1319,3219 1,26e+08    6,89%
 2411226 1261770     1390,1879   258     1417,0000     1319,6067 1,26e+08    6,87%
 2422004 1266450        cutoff           1417,0000     1319,8313 1,27e+08    6,86%
 2432433 1270880     1404,0297   364     1417,0000     1320,1458 1,27e+08    6,84%
 2441828 1273213     1403,3821   267     1417,0000     1320,4017 1,28e+08    6,82%
 2452547 1276036     1383,7108   290     1417,0000     1320,6422 1,28e+08    6,80%
 2463164 1280670     1363,4170   354     1417,0000     1320,9519 1,29e+08    6,78%
 2472507 1285817        cutoff           1417,0000     1321,2351 1,29e+08    6,76%
 2483408 1287808        cutoff           1417,0000     1321,4740 1,30e+08    6,74%
Elapsed time = 1029,69 sec. (976459,42 ticks, tree = 17263,67 MB, solutions = 13)
 2494088 1292843     1409,4796   310     1417,0000     1321,7629 1,30e+08    6,72%
 2503395 1296125     1381,7273   277     1417,0000     1322,0371 1,31e+08    6,70%
 2514050 1299739     1360,3838   343     1417,0000     1322,2702 1,31e+08    6,69%
 2524734 1303128     1370,0408   331     1417,0000     1322,5746 1,32e+08    6,66%
 2534161 1307371     1402,5039   332     1417,0000     1322,8404 1,33e+08    6,64%
 2544727 1308915        cutoff           1417,0000     1323,0647 1,33e+08    6,63%
 2555595 1313543     1397,2197   308     1417,0000     1323,3603 1,33e+08    6,61%
 2565122 1317496     1387,5172   337     1417,0000     1323,6455 1,34e+08    6,59%
 2575505 1319742     1405,0682   289     1417,0000     1323,8697 1,34e+08    6,57%
 2586479 1322910     1367,4988   343     1417,0000     1324,1204 1,35e+08    6,55%
Elapsed time = 1069,39 sec. (1014609,03 ticks, tree = 17690,69 MB, solutions = 13)
 2595840 1326539     1377,0593   316     1417,0000     1324,4278 1,35e+08    6,53%
 2606132 1329873        cutoff           1417,0000     1324,6543 1,36e+08    6,52%
 2616955 1334839     1394,6284   300     1417,0000     1324,8715 1,37e+08    6,50%
 2626574 1337007     1374,5584   292     1417,0000     1325,1764 1,37e+08    6,48%
 2636764 1340176     1389,5794   318     1417,0000     1325,4207 1,37e+08    6,46%
 2647831 1345245        cutoff           1417,0000     1325,6470 1,38e+08    6,45%
 2657567 1346839        cutoff           1417,0000     1325,9238 1,38e+08    6,43%
 2667701 1350823        cutoff           1417,0000     1326,1615 1,39e+08    6,41%
 2679035 1353828     1408,2640   289     1417,0000     1326,3739 1,40e+08    6,40%
 2688933 1358840     1386,4926   325     1417,0000     1326,6359 1,40e+08    6,38%
Elapsed time = 1109,10 sec. (1052760,79 ticks, tree = 18155,07 MB, solutions = 13)
 2698696 1360689     1392,3896   355     1417,0000     1326,8808 1,41e+08    6,36%
 2709796 1364982     1361,2373   342     1417,0000     1327,1215 1,41e+08    6,34%
 2720043 1369196     1410,3034   276     1417,0000     1327,3864 1,42e+08    6,32%
 2729454 1371540        cutoff           1417,0000     1327,6418 1,42e+08    6,31%
 2740753 1375361     1398,8467   269     1417,0000     1327,8556 1,43e+08    6,29%
 2751356 1378839     1396,1580   333     1417,0000     1328,1202 1,44e+08    6,27%
 2760868 1380489        cutoff           1417,0000     1328,3724 1,44e+08    6,25%
 2771529 1383875     1365,6104   333     1417,0000     1328,5657 1,44e+08    6,24%
 2782309 1387146        cutoff           1417,0000     1328,7954 1,45e+08    6,22%
 2791532 1390376        cutoff           1417,0000     1329,0821 1,45e+08    6,20%
Elapsed time = 1149,00 sec. (1090914,12 ticks, tree = 18507,39 MB, solutions = 13)
 2802373 1393020     1414,6529   303     1417,0000     1329,2975 1,46e+08    6,19%
 2813299 1396297        cutoff           1417,0000     1329,5139 1,46e+08    6,17%
 2822710 1399617        cutoff           1417,0000     1329,7625 1,47e+08    6,16%
 2833255 1402794        cutoff           1417,0000     1329,9979 1,48e+08    6,14%
 2844339 1406391     1369,9976   345     1417,0000     1330,2314 1,48e+08    6,12%
 2854177 1409466     1368,3675   318     1417,0000     1330,4868 1,49e+08    6,11%
 2864097 1412501     1379,6218   336     1417,0000     1330,7124 1,49e+08    6,09%
 2875492 1414392     1388,2710   299     1417,0000     1330,9203 1,50e+08    6,07%
 2885877 1417383     1406,7092   282     1417,0000     1331,1880 1,50e+08    6,06%
 2895477 1421901        cutoff           1417,0000     1331,4337 1,51e+08    6,04%
Elapsed time = 1188,99 sec. (1129066,97 ticks, tree = 18887,74 MB, solutions = 13)
 2906437 1425133     1389,6758   340     1417,0000     1331,6341 1,51e+08    6,02%
 2917349 1427239     1384,6319   345     1417,0000     1331,8511 1,52e+08    6,01%
 2926663 1430025     1394,1994   303     1417,0000     1332,0791 1,52e+08    5,99%
 2937314 1432690     1390,4708   302     1417,0000     1332,2878 1,53e+08    5,98%
 2948412 1435746     1397,8050   295     1417,0000     1332,4903 1,53e+08    5,96%
 2958065 1439407        cutoff           1417,0000     1332,7700 1,54e+08    5,94%
 2967792 1441892     1383,2167   319     1417,0000     1332,9779 1,55e+08    5,93%
 2978914 1444526     1415,3973   283     1417,0000     1333,1627 1,55e+08    5,92%
 2989595 1448189        cutoff           1417,0000     1333,4023 1,56e+08    5,90%
 2999104 1450164     1392,6805   340     1417,0000     1333,6321 1,56e+08    5,88%
Elapsed time = 1228,93 sec. (1167215,83 ticks, tree = 19226,57 MB, solutions = 13)
 3009805 1452129        cutoff           1417,0000     1333,8372 1,56e+08    5,87%
 3021173 1456158        cutoff           1417,0000     1334,0789 1,57e+08    5,85%
 3031081 1458680     1408,9312   318     1417,0000     1334,3025 1,58e+08    5,84%
 3040893 1461372     1379,3383   315     1417,0000     1334,5250 1,58e+08    5,82%
 3052282 1464441     1412,9161   328     1417,0000     1334,7050 1,59e+08    5,81%
 3063153 1466285     1375,4926   303     1417,0000     1334,9334 1,59e+08    5,79%
 3072429 1469028     1403,1750   224     1417,0000     1335,1771 1,60e+08    5,77%
 3083232 1471869     1365,9498   332     1417,0000     1335,3759 1,60e+08    5,76%
 3094508 1474928     1409,7211   304     1417,0000     1335,5964 1,61e+08    5,74%
 3104353 1478207        cutoff           1417,0000     1335,8378 1,61e+08    5,73%
Elapsed time = 1269,12 sec. (1205365,68 ticks, tree = 19568,56 MB, solutions = 13)
 3114404 1480087        cutoff           1417,0000     1336,0546 1,62e+08    5,71%
 3125896 1481802        cutoff           1417,0000     1336,2360 1,62e+08    5,70%
 3136664 1484577     1404,1574   314     1417,0000     1336,4331 1,63e+08    5,69%
 3146088 1488339        cutoff           1417,0000     1336,6624 1,63e+08    5,67%
 3157006 1490025     1381,1607   325     1417,0000     1336,8580 1,64e+08    5,66%
 3168439 1492510     1405,0780   324     1417,0000     1337,0399 1,64e+08    5,64%
 3178335 1495509     1402,0506   352     1417,0000     1337,2806 1,65e+08    5,63%
 3188267 1498219     1380,3485   311     1417,0000     1337,5133 1,65e+08    5,61%
 3199721 1499797     1375,9571   303     1417,0000     1337,7033 1,66e+08    5,60%
 3210827 1502852        cutoff           1417,0000     1337,9150 1,66e+08    5,58%
Elapsed time = 1309,47 sec. (1243517,66 ticks, tree = 19821,85 MB, solutions = 13)
 3220305 1506008        cutoff           1417,0000     1338,1302 1,67e+08    5,57%
 3231173 1507558        cutoff           1417,0000     1338,3250 1,67e+08    5,55%
 3242550 1511282     1370,7427   316     1417,0000     1338,4981 1,68e+08    5,54%
 3252665 1513749        cutoff           1417,0000     1338,7263 1,69e+08    5,52%
 3262493 1515455        cutoff           1417,0000     1338,9474 1,69e+08    5,51%
 3274133 1517002     1352,1872   333     1417,0000     1339,1370 1,69e+08    5,49%
 3285034 1521263     1412,3458   295     1417,0000     1339,3075 1,70e+08    5,48%
 3294544 1523979        cutoff           1417,0000     1339,5486 1,71e+08    5,47%
 3305406 1525599     1369,2294   320     1417,0000     1339,7390 1,71e+08    5,45%
 3316840 1527795     1388,3311   334     1417,0000     1339,9342 1,72e+08    5,44%
Elapsed time = 1349,39 sec. (1281670,67 ticks, tree = 20077,16 MB, solutions = 13)
 3327439 1530967     1397,7857   287     1417,0000     1340,1432 1,72e+08    5,42%
 3337251 1532132     1392,3909   329     1417,0000     1340,3628 1,73e+08    5,41%
 3348493 1536049     1405,3602   321     1417,0000     1340,5484 1,73e+08    5,40%
 3359940 1536465     1372,9809   326     1417,0000     1340,7309 1,74e+08    5,38%
 3369774 1540342        cutoff           1417,0000     1340,9689 1,74e+08    5,37%
 3380032 1541954        cutoff           1417,0000     1341,1643 1,75e+08    5,35%
 3391702 1543496     1363,7706   313     1417,0000     1341,3314 1,75e+08    5,34%
 3402793 1545244     1407,1688   260     1417,0000     1341,5111 1,76e+08    5,33%
 3412466 1547803     1404,0790   309     1417,0000     1341,7355 1,76e+08    5,31%
 3423104 1550707     1385,2223   371     1417,0000     1341,9233 1,77e+08    5,30%
Elapsed time = 1389,36 sec. (1319820,29 ticks, tree = 20312,15 MB, solutions = 13)
 3434947 1553905     1393,6679   289     1417,0000     1342,0985 1,78e+08    5,29%
 3445592 1555449        cutoff           1417,0000     1342,3176 1,78e+08    5,27%
 3455315 1557440     1401,5925   267     1417,0000     1342,5164 1,78e+08    5,26%
 3466176 1559441        cutoff           1417,0000     1342,7001 1,79e+08    5,24%
 3477822 1562108     1393,7090   287     1417,0000     1342,8850 1,80e+08    5,23%
 3488232 1563331        cutoff           1417,0000     1343,0893 1,80e+08    5,22%
 3497767 1565105        cutoff           1417,0000     1343,3137 1,80e+08    5,20%
 3509067 1567429     1379,2475   296     1417,0000     1343,4923 1,81e+08    5,19%
 3520570 1568739     1387,1495   327     1417,0000     1343,6830 1,81e+08    5,17%
 3530730 1570927     1407,4989   302     1417,0000     1343,8949 1,82e+08    5,16%
Elapsed time = 1429,53 sec. (1357972,24 ticks, tree = 20579,08 MB, solutions = 13)
 3540475 1572229     1378,8706   325     1417,0000     1344,0957 1,82e+08    5,14%
 3552074 1574473     1378,7042   322     1417,0000     1344,2857 1,83e+08    5,13%
 3563715 1576389        cutoff           1417,0000     1344,4575 1,83e+08    5,12%
 3573821 1579678        cutoff           1417,0000     1344,6755 1,84e+08    5,10%
 3583868 1580884     1369,4053   309     1417,0000     1344,8791 1,85e+08    5,09%
 3595735 1582967     1412,2610   339     1417,0000     1345,0430 1,85e+08    5,08%
 3607253 1585352        cutoff           1417,0000     1345,2258 1,86e+08    5,07%
 3616914 1587403     1410,2574   302     1417,0000     1345,4294 1,86e+08    5,05%
 3627067 1588501     1389,7605   311     1417,0000     1345,6485 1,87e+08    5,04%
 3638993 1590988     1409,2448   312     1417,0000     1345,8088 1,87e+08    5,02%
Elapsed time = 1470,31 sec. (1396122,71 ticks, tree = 20768,72 MB, solutions = 13)
 3650141 1592579     1379,4601   297     1417,0000     1345,9717 1,88e+08    5,01%
 3659828 1594250        cutoff           1417,0000     1346,1773 1,88e+08    5,00%
 3670493 1595478        cutoff           1417,0000     1346,3793 1,89e+08    4,98%
 3682235 1596613     1415,5300   278     1417,0000     1346,5398 1,89e+08    4,97%
 3693574 1598996        cutoff           1417,0000     1346,7238 1,90e+08    4,96%
 3703128 1601694     1385,0361   287     1417,0000     1346,9263 1,90e+08    4,95%
 3713720 1603445        cutoff           1417,0000     1347,1355 1,91e+08    4,93%
 3725628 1604571     1408,3751   309     1417,0000     1347,2990 1,91e+08    4,92%
 3736683 1606074     1415,5032   321     1417,0000     1347,4703 1,92e+08    4,91%
 3746395 1608219     1414,3826   296     1417,0000     1347,6654 1,92e+08    4,89%
Elapsed time = 1510,74 sec. (1434272,41 ticks, tree = 20979,08 MB, solutions = 13)
 3757421 1609028     1404,0916   333     1417,0000     1347,8802 1,93e+08    4,88%
 3769136 1610787        cutoff           1417,0000     1348,0445 1,93e+08    4,87%
 3780094 1611938        cutoff           1417,0000     1348,2020 1,94e+08    4,86%
 3789906 1614299        cutoff           1417,0000     1348,4239 1,94e+08    4,84%
 3801084 1616356     1386,7025   326     1417,0000     1348,6184 1,95e+08    4,83%
 3812919 1617521        cutoff           1417,0000     1348,7848 1,96e+08    4,81%
 3823688 1618483     1394,6295   344     1417,0000     1348,9509 1,96e+08    4,80%
 3833463 1620970        cutoff           1417,0000     1349,1556 1,97e+08    4,79%
 3844477 1621410     1415,0345   253     1417,0000     1349,3448 1,97e+08    4,77%
 3856404 1622537     1381,4939   306     1417,0000     1349,5103 1,97e+08    4,76%
Elapsed time = 1551,70 sec. (1472422,19 ticks, tree = 21081,48 MB, solutions = 13)
 3866979 1625110     1404,1639   277     1417,0000     1349,6893 1,98e+08    4,75%
 3876691 1625747     1399,4309   258     1417,0000     1349,8958 1,98e+08    4,74%
 3887899 1627152        cutoff           1417,0000     1350,0798 1,99e+08    4,72%
 3899723 1629283        cutoff           1417,0000     1350,2364 2,00e+08    4,71%
 3910917 1629580     1398,2752   271     1417,0000     1350,4077 2,00e+08    4,70%
 3920842 1631333     1402,0687   320     1417,0000     1350,6266 2,01e+08    4,68%
 3931651 1632320        cutoff           1417,0000     1350,8179 2,01e+08    4,67%
 3943727 1633367        cutoff           1417,0000     1350,9569 2,01e+08    4,66%
 3954865 1634721     1402,3703   340     1417,0000     1351,1203 2,02e+08    4,65%
 3964778 1636164        cutoff           1417,0000     1351,3342 2,02e+08    4,63%
Elapsed time = 1592,21 sec. (1510571,33 ticks, tree = 21277,81 MB, solutions = 13)
 3975368 1637815     1412,4125   267     1417,0000     1351,5170 2,03e+08    4,62%
 3987412 1638480        cutoff           1417,0000     1351,6779 2,04e+08    4,61%
 3998880 1640150        cutoff           1417,0000     1351,8450 2,04e+08    4,60%
 4008694 1641300        cutoff           1417,0000     1352,0455 2,05e+08    4,58%
 4019104 1642575     1393,1678   340     1417,0000     1352,2275 2,05e+08    4,57%
 4031009 1643472        cutoff           1417,0000     1352,4117 2,06e+08    4,56%
 4042834 1645657     1408,4107   237     1417,0000     1352,5782 2,07e+08    4,55%
 4053178 1646081        cutoff           1417,0000     1352,7717 2,07e+08    4,53%
 4063003 1647191        cutoff           1417,0000     1352,9488 2,07e+08    4,52%
 4074843 1648438     1403,0727   253     1417,0000     1353,1364 2,08e+08    4,51%
Elapsed time = 1633,09 sec. (1548723,13 ticks, tree = 21338,14 MB, solutions = 13)
 4087134 1649528     1411,9323   289     1417,0000     1353,2912 2,08e+08    4,50%
 4097855 1651261        cutoff           1417,0000     1353,4574 2,09e+08    4,48%
 4107896 1652342     1381,3041   333     1417,0000     1353,6451 2,10e+08    4,47%
 4119157 1652995        cutoff           1417,0000     1353,8433 2,10e+08    4,46%
 4131193 1654119        cutoff           1417,0000     1353,9960 2,11e+08    4,45%
 4142425 1655113     1401,6570   283     1417,0000     1354,1450 2,11e+08    4,44%
 4152232 1656418     1403,5769   299     1417,0000     1354,3449 2,12e+08    4,42%
 4163219 1656582        cutoff           1417,0000     1354,5308 2,12e+08    4,41%
 4175401 1658190        cutoff           1417,0000     1354,6929 2,13e+08    4,40%
 4186962 1658382        cutoff           1417,0000     1354,8571 2,13e+08    4,39%
Elapsed time = 1674,01 sec. (1586875,05 ticks, tree = 21468,10 MB, solutions = 13)
 4196907 1659335        cutoff           1417,0000     1355,0420 2,13e+08    4,37%
 4207480 1660190     1391,7770   331     1417,0000     1355,2266 2,14e+08    4,36%
 4219630 1661204     1414,3506   298     1417,0000     1355,3910 2,15e+08    4,35%
 4231762 1662475        cutoff           1417,0000     1355,5628 2,15e+08    4,34%
 4242073 1663195        cutoff           1417,0000     1355,7130 2,16e+08    4,33%
 4252209 1663677     1383,5464   237     1417,0000     1355,9295 2,16e+08    4,31%
 4263979 1664728        cutoff           1417,0000     1356,1179 2,17e+08    4,30%
 4275970 1665760     1410,3241   267     1417,0000     1356,2659 2,17e+08    4,29%
 4287010 1666661     1405,7972   295     1417,0000     1356,4341 2,18e+08    4,27%
 4296856 1667302        cutoff           1417,0000     1356,6283 2,18e+08    4,26%
Elapsed time = 1714,93 sec. (1625023,48 ticks, tree = 21552,31 MB, solutions = 13)
 4307718 1667317        cutoff           1417,0000     1356,8000 2,18e+08    4,25%
 4320018 1668146        cutoff           1417,0000     1356,9733 2,19e+08    4,24%
 4332061 1668663        cutoff           1417,0000     1357,1277 2,20e+08    4,23%
 4342356 1669355     1397,5106   317     1417,0000     1357,3126 2,20e+08    4,21%
 4352507 1670421        cutoff           1417,0000     1357,5028 2,21e+08    4,20%
 4364124 1670965        cutoff           1417,0000     1357,6839 2,21e+08    4,19%
 4376445 1671275        cutoff           1417,0000     1357,8345 2,22e+08    4,18%
 4387487 1671660        cutoff           1417,0000     1357,9774 2,22e+08    4,17%
 4397402 1672535     1406,8374   310     1417,0000     1358,1719 2,23e+08    4,15%
 4408387 1672830        cutoff           1417,0000     1358,3618 2,23e+08    4,14%
Elapsed time = 1756,05 sec. (1663172,45 ticks, tree = 21584,73 MB, solutions = 13)
 4420357 1673043        cutoff           1417,0000     1358,5108 2,24e+08    4,13%
 4432181 1673402        cutoff           1417,0000     1358,6633 2,24e+08    4,12%
 4442377 1673813        cutoff           1417,0000     1358,8292 2,25e+08    4,11%
 4452502 1674332        cutoff           1417,0000     1359,0253 2,26e+08    4,09%
 4464382 1674489     1412,2648   288     1417,0000     1359,2021 2,26e+08    4,08%
 4476666 1674853        cutoff           1417,0000     1359,3407 2,26e+08    4,07%
 4487859 1674939     1406,2305   342     1417,0000     1359,4983 2,27e+08    4,06%
 4497743 1675182     1415,8491   267     1417,0000     1359,6921 2,27e+08    4,04%
 4508734 1675649     1415,6314   282     1417,0000     1359,8819 2,28e+08    4,03%
 4521005 1675964     1388,5380   346     1417,0000     1360,0411 2,28e+08    4,02%
Elapsed time = 1797,08 sec. (1701322,71 ticks, tree = 21588,51 MB, solutions = 13)
 4533366 1676046        cutoff           1417,0000     1360,1847 2,29e+08    4,01%
 4544183 1676137        cutoff           1417,0000     1360,3353 2,29e+08    4,00%
 4554217 1676368     1380,8138   320     1417,0000     1360,5412 2,30e+08    3,98%
 4565671 1676748        cutoff           1417,0000     1360,7212 2,30e+08    3,97%
 4577805 1677010        cutoff           1417,0000     1360,8822 2,31e+08    3,96%
 4589997 1676991     1377,0039   330     1417,0000     1361,0372 2,31e+08    3,95%
 4600629 1677062        cutoff           1417,0000     1361,2087 2,32e+08    3,94%
 4610636 1677075     1406,4050   290     1417,0000     1361,3817 2,32e+08    3,93%
 4622310 1677263     1409,5458   249     1417,0000     1361,5825 2,33e+08    3,91%
 4634832 1677443     1399,6629   292     1417,0000     1361,7216 2,33e+08    3,90%
Elapsed time = 1838,40 sec. (1739473,47 ticks, tree = 21596,86 MB, solutions = 13)
 4646694 1677355     1403,8277   263     1417,0000     1361,8861 2,34e+08    3,89%
 4656884 1677409     1403,8431   330     1417,0000     1362,0615 2,35e+08    3,88%
 4667515 1677451        cutoff           1417,0000     1362,2289 2,35e+08    3,87%
 4679600 1677482        cutoff           1417,0000     1362,4073 2,35e+08    3,85%
 4692074 1677424     1410,1421   279     1417,0000     1362,5602 2,36e+08    3,84%
 4703438 1677347     1414,4515   235     1417,0000     1362,7065 2,36e+08    3,83%
 4713426 1677230        cutoff           1417,0000     1362,8856 2,37e+08    3,82%
 4724537 1677219        cutoff           1417,0000     1363,0700 2,37e+08    3,81%
 4737103 1676924     1380,5326   315     1417,0000     1363,2304 2,38e+08    3,79%
 4749596 1676832        cutoff           1417,0000     1363,3785 2,38e+08    3,78%
Elapsed time = 1879,52 sec. (1777623,73 ticks, tree = 21575,29 MB, solutions = 13)
 4760647 1676449     1403,8161   358     1417,0000     1363,5322 2,39e+08    3,77%
 4770660 1676203        cutoff           1417,0000     1363,7232 2,40e+08    3,76%
 4782233 1676053        cutoff           1417,0000     1363,8980 2,40e+08    3,75%
 4794896 1675627        cutoff           1417,0000     1364,0545 2,41e+08    3,74%
 4807095 1675534        cutoff           1417,0000     1364,2000 2,41e+08    3,73%
 4818043 1674914        cutoff           1417,0000     1364,3450 2,42e+08    3,72%
 4828494 1674616     1401,3165   349     1417,0000     1364,5606 2,42e+08    3,70%
 4840081 1674438     1400,2015   285     1417,0000     1364,7298 2,42e+08    3,69%
 4852694 1674086     1415,7444   257     1417,0000     1364,8797 2,43e+08    3,68%
 4865164 1673949     1391,0066   321     1417,0000     1365,0291 2,43e+08    3,67%
Elapsed time = 1921,18 sec. (1815773,90 ticks, tree = 21514,21 MB, solutions = 13)
 4875832 1672852     1415,3494   277     1417,0000     1365,1836 2,44e+08    3,66%
 4886323 1672513     1400,8232   293     1417,0000     1365,3820 2,44e+08    3,64%
 4898044 1671796        cutoff           1417,0000     1365,5561 2,45e+08    3,63%
 4910769 1671593     1406,2424   333     1417,0000     1365,7056 2,45e+08    3,62%
 4923402 1671327     1398,5408   338     1417,0000     1365,8571 2,46e+08    3,61%
 4934254 1670134     1404,2378   321     1417,0000     1366,0242 2,46e+08    3,60%
 4944489 1669544        cutoff           1417,0000     1366,2126 2,47e+08    3,58%
 4956257 1668602        cutoff           1417,0000     1366,3836 2,48e+08    3,57%
 4969093 1668439        cutoff           1417,0000     1366,5471 2,48e+08    3,56%
 4981461 1667753     1410,3545   319     1417,0000     1366,6965 2,48e+08    3,55%
Elapsed time = 1963,18 sec. (1853924,72 ticks, tree = 21424,70 MB, solutions = 13)
 4992299 1666636        cutoff           1417,0000     1366,8606 2,49e+08    3,54%
 5002627 1665530        cutoff           1417,0000     1367,0585 2,49e+08    3,52%
 5014599 1665079        cutoff           1417,0000     1367,2121 2,50e+08    3,51%
 5027418 1664624        cutoff           1417,0000     1367,3844 2,50e+08    3,50%
 5040072 1663175     1392,7572   312     1417,0000     1367,5364 2,51e+08    3,49%
 5051248 1661756        cutoff           1417,0000     1367,6820 2,52e+08    3,48%
 5061706 1661228        cutoff           1417,0000     1367,8650 2,52e+08    3,47%
 5073268 1660806        cutoff           1417,0000     1368,0400 2,52e+08    3,46%
 5086183 1659913        cutoff           1417,0000     1368,2140 2,53e+08    3,44%
 5099037 1658030        cutoff           1417,0000     1368,3769 2,54e+08    3,43%
Elapsed time = 2005,03 sec. (1892074,13 ticks, tree = 21300,76 MB, solutions = 13)
 5110245 1656620        cutoff           1417,0000     1368,5027 2,54e+08    3,42%
 5120556 1655834     1407,4357   316     1417,0000     1368,6817 2,55e+08    3,41%
 5132193 1654824        cutoff           1417,0000     1368,8630 2,55e+08    3,40%
 5145061 1653890        cutoff           1417,0000     1369,0569 2,55e+08    3,38%
 5157904 1651814        cutoff           1417,0000     1369,2026 2,56e+08    3,37%
 5169841 1651064     1410,0003   328     1417,0000     1369,3373 2,57e+08    3,36%
 5180371 1650678     1412,3972   280     1417,0000     1369,4993 2,57e+08    3,35%
 5191542 1648638        cutoff           1417,0000     1369,6814 2,58e+08    3,34%
 5204294 1647883        cutoff           1417,0000     1369,8792 2,58e+08    3,33%
 5217386 1646793     1387,4508   265     1417,0000     1370,0158 2,58e+08    3,32%
Elapsed time = 2046,97 sec. (1930225,20 ticks, tree = 21126,28 MB, solutions = 13)
 5229508 1645502     1413,6548   300     1417,0000     1370,1682 2,59e+08    3,30%
 5240290 1644056     1398,4141   278     1417,0000     1370,3438 2,59e+08    3,29%
 5251075 1641568     1414,6732   303     1417,0000     1370,5417 2,60e+08    3,28%
 5263817 1640044        cutoff           1417,0000     1370,7063 2,61e+08    3,27%
 5276988 1638183        cutoff           1417,0000     1370,8742 2,61e+08    3,26%
 5289605 1636868        cutoff           1417,0000     1371,0179 2,62e+08    3,25%
 5300547 1636216     1397,3625   329     1417,0000     1371,1819 2,62e+08    3,23%
 5311191 1634965     1383,2539   301     1417,0000     1371,3612 2,62e+08    3,22%
 5323421 1632699        cutoff           1417,0000     1371,5428 2,63e+08    3,21%
 5336577 1631318     1414,9549   283     1417,0000     1371,7244 2,63e+08    3,20%
Elapsed time = 2089,17 sec. (1968375,32 ticks, tree = 20913,64 MB, solutions = 13)
 5349629 1628703        cutoff           1417,0000     1371,8844 2,64e+08    3,18%
 5361044 1626337     1411,4109   284     1417,0000     1372,0045 2,64e+08    3,18%
 5371711 1625787        cutoff           1417,0000     1372,1801 2,65e+08    3,16%
 5383454 1622502     1412,6880   262     1417,0000     1372,3790 2,66e+08    3,15%
 5396642 1620666        cutoff           1417,0000     1372,5504 2,66e+08    3,14%
 5410003 1620123     1408,6000   208     1417,0000     1372,6944 2,66e+08    3,13%
 5422571 1617388        cutoff           1417,0000     1372,8499 2,67e+08    3,12%
 5433639 1614018     1401,8194   322     1417,0000     1373,0053 2,68e+08    3,10%
 5444655 1613787        cutoff           1417,0000     1373,1842 2,68e+08    3,09%
 5457204 1612003        cutoff           1417,0000     1373,3674 2,68e+08    3,08%
Elapsed time = 2131,58 sec. (2006524,64 ticks, tree = 20680,32 MB, solutions = 13)
 5470455 1609061        cutoff           1417,0000     1373,5479 2,69e+08    3,07%
 5483661 1608058        cutoff           1417,0000     1373,6867 2,69e+08    3,06%
 5495328 1604824        cutoff           1417,0000     1373,8261 2,70e+08    3,05%
 5506109 1603429     1406,0813   277     1417,0000     1374,0074 2,70e+08    3,03%
 5517952 1599240     1392,0081   239     1417,0000     1374,2048 2,71e+08    3,02%
 5531266 1599570        cutoff           1417,0000     1374,3799 2,71e+08    3,01%
 5544699 1594576     1413,6925   277     1417,0000     1374,5393 2,72e+08    3,00%
 5557290 1594649        cutoff           1417,0000     1374,6933 2,72e+08    2,99%
 5568395 1591851     1414,1625   227     1417,0000     1374,8471 2,73e+08    2,97%
 5579567 1589413     1412,5819   289     1417,0000     1375,0404 2,73e+08    2,96%
Elapsed time = 2174,30 sec. (2044674,59 ticks, tree = 20413,15 MB, solutions = 13)
 5592749 1584839        cutoff           1417,0000     1375,2138 2,74e+08    2,95%
 5606241 1585395        cutoff           1417,0000     1375,3997 2,74e+08    2,94%
 5620014 1580202        cutoff           1417,0000     1375,5382 2,75e+08    2,93%
 5632416 1578944        cutoff           1417,0000     1375,6848 2,75e+08    2,92%
 5643698 1576558        cutoff           1417,0000     1375,8583 2,76e+08    2,90%
 5655361 1573884     1411,2822   280     1417,0000     1376,0604 2,76e+08    2,89%
 5668886 1569254     1413,9869   278     1417,0000     1376,2206 2,77e+08    2,88%
 5682717 1568296     1396,2607   287     1417,0000     1376,3989 2,77e+08    2,87%
 5695847 1563014        cutoff           1417,0000     1376,5572 2,78e+08    2,85%
 5707237 1562440     1412,0400   297     1417,0000     1376,6895 2,78e+08    2,84%
Elapsed time = 2217,19 sec. (2082824,37 ticks, tree = 20061,79 MB, solutions = 13)
 5718691 1558879     1413,7746   324     1417,0000     1376,8835 2,79e+08    2,83%
 5731496 1555600        cutoff           1417,0000     1377,0687 2,79e+08    2,82%
 5745051 1554718     1400,0323   228     1417,0000     1377,2683 2,80e+08    2,80%
 5758975 1551199        cutoff           1417,0000     1377,4165 2,80e+08    2,79%
 5771304 1548313        cutoff           1417,0000     1377,5639 2,80e+08    2,78%
 5782794 1543820     1406,7108   273     1417,0000     1377,7262 2,81e+08    2,77%
 5794720 1540176     1404,9933   328     1417,0000     1377,9219 2,82e+08    2,76%
 5808303 1538603     1397,4030   311     1417,0000     1378,0985 2,82e+08    2,75%
 5822715 1532311        cutoff           1417,0000     1378,2971 2,83e+08    2,73%
 5836663 1531265     1411,1214   299     1417,0000     1378,4329 2,83e+08    2,72%
Elapsed time = 2261,02 sec. (2120974,49 ticks, tree = 19637,08 MB, solutions = 13)
 5848560 1524802        cutoff           1417,0000     1378,5794 2,84e+08    2,71%
 5859885 1522260     1415,0732   325     1417,0000     1378,7434 2,84e+08    2,70%
 5872709 1519443        cutoff           1417,0000     1378,9392 2,85e+08    2,69%
 5886828 1518051     1413,6894   323     1417,0000     1379,1250 2,85e+08    2,67%
 5901070 1515382        cutoff           1417,0000     1379,3163 2,85e+08    2,66%
 5914664 1507194        cutoff           1417,0000     1379,4599 2,86e+08    2,65%
 5926542 1503852     1415,9722   240     1417,0000     1379,5994 2,87e+08    2,64%
 5938194 1499872     1412,0388   276     1417,0000     1379,7778 2,87e+08    2,63%
 5951614 1497266        cutoff           1417,0000     1379,9751 2,88e+08    2,61%
 5965825 1495558     1415,6138   277     1417,0000     1380,1585 2,88e+08    2,60%
Elapsed time = 2304,71 sec. (2159124,31 ticks, tree = 19154,15 MB, solutions = 13)
 5979970 1489841        cutoff           1417,0000     1380,3264 2,89e+08    2,59%
 5993323 1488731     1406,0189   314     1417,0000     1380,4889 2,89e+08    2,58%
 6005365 1479739        cutoff           1417,0000     1380,6364 2,90e+08    2,57%
 6017398 1476291     1411,3653   276     1417,0000     1380,8175 2,90e+08    2,55%
 6031018 1472266        cutoff           1417,0000     1381,0317 2,91e+08    2,54%
 6045268 1472865        cutoff           1417,0000     1381,2067 2,91e+08    2,53%
 6059596 1464721        cutoff           1417,0000     1381,3874 2,92e+08    2,51%
 6073027 1460360        cutoff           1417,0000     1381,5436 2,92e+08    2,50%
 6084948 1455049        cutoff           1417,0000     1381,6881 2,93e+08    2,49%
 6097067 1454418     1385,1630   310     1417,0000     1381,8741 2,93e+08    2,48%
Elapsed time = 2348,79 sec. (2197273,02 ticks, tree = 18662,37 MB, solutions = 13)
 6110906 1448116        cutoff           1417,0000     1382,0733 2,93e+08    2,46%
 6125492 1443626     1395,7837   322     1417,0000     1382,2488 2,94e+08    2,45%
 6140052 1439319        cutoff           1417,0000     1382,4299 2,94e+08    2,44%
 6153381 1432795        cutoff           1417,0000     1382,5901 2,95e+08    2,43%
 6165359 1429211     1414,5752   304     1417,0000     1382,7438 2,95e+08    2,42%
 6177802 1421288     1411,3692   285     1417,0000     1382,9291 2,96e+08    2,40%
 6191789 1420199     1415,3645   325     1417,0000     1383,1351 2,96e+08    2,39%
 6206482 1414912     1402,1930   301     1417,0000     1383,3151 2,97e+08    2,38%
 6221336 1408970     1414,1355   268     1417,0000     1383,5085 2,97e+08    2,36%
 6234890 1403659     1394,8102   364     1417,0000     1383,6713 2,98e+08    2,35%
Elapsed time = 2394,40 sec. (2235422,61 ticks, tree = 18000,03 MB, solutions = 13)
 6247055 1396396     1410,3832   296     1417,0000     1383,8241 2,98e+08    2,34%
 6259878 1393564        cutoff           1417,0000     1384,0002 2,99e+08    2,33%
 6273951 1388383        cutoff           1417,0000     1384,2202 2,99e+08    2,31%
 6288733 1383555        cutoff           1417,0000     1384,3883 3,00e+08    2,30%
 6303861 1372244     1411,2634   309     1417,0000     1384,5948 3,00e+08    2,29%
 6317583 1374010     1412,3975   245     1417,0000     1384,7557 3,00e+08    2,28%
 6329969 1361344     1402,5969   289     1417,0000     1384,9135 3,01e+08    2,26%
 6342916 1360542        cutoff           1417,0000     1385,0803 3,01e+08    2,25%
 6357254 1356386        cutoff           1417,0000     1385,2920 3,02e+08    2,24%
 6372232 1349057        cutoff           1417,0000     1385,4804 3,03e+08    2,22%
Elapsed time = 2439,62 sec. (2273571,68 ticks, tree = 17277,68 MB, solutions = 13)
 6387189 1345957        cutoff           1417,0000     1385,6860 3,03e+08    2,21%
 6401519 1338398        cutoff           1417,0000     1385,8519 3,03e+08    2,20%
 6414138 1328863        cutoff           1417,0000     1386,0035 3,04e+08    2,19%
 6427149 1322119     1400,5677   280     1417,0000     1386,1842 3,05e+08    2,17%
 6441471 1313065        cutoff           1417,0000     1386,4045 3,05e+08    2,16%
 6456676 1315230     1414,2666   301     1417,0000     1386,5909 3,05e+08    2,15%
 6471845 1305422        cutoff           1417,0000     1386,7904 3,06e+08    2,13%
 6486670 1298782        cutoff           1417,0000     1386,9495 3,06e+08    2,12%
 6499981 1293252        cutoff           1417,0000     1387,1052 3,07e+08    2,11%
 6513057 1287039        cutoff           1417,0000     1387,2903 3,07e+08    2,10%
Elapsed time = 2485,34 sec. (2311721,70 ticks, tree = 16525,11 MB, solutions = 13)
 6527411 1277187        cutoff           1417,0000     1387,4773 3,08e+08    2,08%
 6542840 1268953     1392,0653   322     1417,0000     1387,6954 3,09e+08    2,07%
 6558258 1260894        cutoff           1417,0000     1387,9110 3,09e+08    2,05%
 6573503 1258271     1405,6729   259     1417,0000     1388,0663 3,09e+08    2,04%
 6587440 1248672        cutoff           1417,0000     1388,2438 3,10e+08    2,03%
 6600759 1239251        cutoff           1417,0000     1388,4148 3,10e+08    2,02%
 6614851 1236991        cutoff           1417,0000     1388,6195 3,10e+08    2,00%
 6630316 1233511        cutoff           1417,0000     1388,8214 3,11e+08    1,99%
 6645917 1218327        cutoff           1417,0000     1389,0640 3,12e+08    1,97%
 6661701 1213303        cutoff           1417,0000     1389,2407 3,12e+08    1,96%
Elapsed time = 2533,19 sec. (2349870,93 ticks, tree = 15555,88 MB, solutions = 13)
 6676614 1201894     1403,5403   292     1417,0000     1389,4182 3,13e+08    1,95%
 6690407 1195629        cutoff           1417,0000     1389,5881 3,13e+08    1,93%
 6704391 1192390     1407,3336   230     1417,0000     1389,7636 3,13e+08    1,92%
 6719488 1176487     1408,7190   233     1417,0000     1390,0288 3,14e+08    1,90%
 6735437 1172944     1404,1992   289     1417,0000     1390,2378 3,14e+08    1,89%
 6751621 1166347        cutoff           1417,0000     1390,4605 3,15e+08    1,87%
 6766775 1150768        cutoff           1417,0000     1390,6704 3,15e+08    1,86%
 6780815 1151807        cutoff           1417,0000     1390,7799 3,15e+08    1,85%
 6795182 1136182     1407,9558   276     1417,0000     1391,0060 3,16e+08    1,83%
 6810577 1134067        cutoff           1417,0000     1391,2902 3,16e+08    1,81%
Elapsed time = 2580,80 sec. (2388020,99 ticks, tree = 14540,94 MB, solutions = 13)
 6826693 1125975        cutoff           1417,0000     1391,4280 3,17e+08    1,80%
 6842823 1113762        cutoff           1417,0000     1391,6977 3,18e+08    1,79%
 6858684 1098068        cutoff           1417,0000     1391,9341 3,18e+08    1,77%
 6873559 1094314     1413,3162   303     1417,0000     1392,0667 3,18e+08    1,76%
 6888090 1090626        cutoff           1417,0000     1392,3198 3,19e+08    1,74%
 6903737 1077280     1413,5175   269     1417,0000     1392,5651 3,19e+08    1,72%
 6920286 1068587        cutoff           1417,0000     1392,7854 3,20e+08    1,71%
 6936707 1051756     1407,9467   237     1417,0000     1393,0020 3,20e+08    1,69%
 6952877 1037290        cutoff           1417,0000     1393,2811 3,21e+08    1,67%
 6968247 1033542        cutoff           1417,0000     1393,5000 3,21e+08    1,66%
Elapsed time = 2631,09 sec. (2426169,72 ticks, tree = 13260,59 MB, solutions = 13)
 6983247 1021351        cutoff           1417,0000     1393,7025 3,22e+08    1,64%
 6999414 1007451     1402,9186   300     1417,0000     1393,9387 3,22e+08    1,63%
 7016293 1000224     1412,7823   264     1417,0000     1394,2118 3,23e+08    1,61%
 7032873 994404        cutoff           1417,0000     1394,4433 3,23e+08    1,59%
 7049188 973818        cutoff           1417,0000     1394,6939 3,24e+08    1,57%
 7064818 973983        cutoff           1417,0000     1394,8677 3,24e+08    1,56%
 7081063 961698     1407,6112   280     1417,0000     1395,1588 3,24e+08    1,54%
 7097872 947400        cutoff           1417,0000     1395,4079 3,25e+08    1,52%
 7115238 929488        cutoff           1417,0000     1395,6391 3,25e+08    1,51%
 7132347 919514        cutoff           1417,0000     1395,9251 3,26e+08    1,49%
Elapsed time = 2682,92 sec. (2464319,25 ticks, tree = 11792,15 MB, solutions = 13)
 7148698 918834        cutoff           1417,0000     1396,0984 3,26e+08    1,48%
 7164950 902592        cutoff           1417,0000     1396,3838 3,26e+08    1,45%
 7182356 891256        cutoff           1417,0000     1396,6660 3,27e+08    1,44%
 7200132 871350        cutoff           1417,0000     1396,9273 3,27e+08    1,42%
 7217819 855667     1413,6979   264     1417,0000     1397,1934 3,28e+08    1,40%
 7234963 846298        cutoff           1417,0000     1397,4331 3,28e+08    1,38%
 7252018 831285        cutoff           1417,0000     1397,6606 3,29e+08    1,36%
 7269670 821255     1410,0789   336     1417,0000     1397,9025 3,29e+08    1,35%
 7287347 802616        cutoff           1417,0000     1398,2023 3,30e+08    1,33%
 7305339 800937        cutoff           1417,0000     1398,4793 3,30e+08    1,31%
Elapsed time = 2736,40 sec. (2502468,14 ticks, tree = 10256,24 MB, solutions = 13)
 7323153 785060        cutoff           1417,0000     1398,7503 3,30e+08    1,29%
 7341069 759574        cutoff           1417,0000     1399,0069 3,31e+08    1,27%
 7359004 749822        cutoff           1417,0000     1399,2991 3,31e+08    1,25%
 7377465 734489        cutoff           1417,0000     1399,5920 3,32e+08    1,23%
 7396054 725301        cutoff           1417,0000     1399,8666 3,32e+08    1,21%
 7414855 704941        cutoff           1417,0000     1400,1771 3,33e+08    1,19%
 7434065 695001        cutoff           1417,0000     1400,4684 3,33e+08    1,17%
 7453228 671355        cutoff           1417,0000     1400,8112 3,34e+08    1,14%
 7472687 660314        cutoff           1417,0000     1401,1000 3,34e+08    1,12%
 7492565 640563        cutoff           1417,0000     1401,4002 3,35e+08    1,10%
Elapsed time = 2785,35 sec. (2540615,97 ticks, tree = 8126,81 MB, solutions = 13)
 7512363 632854        cutoff           1417,0000     1401,7053 3,35e+08    1,08%
 7532527 608970        cutoff           1417,0000     1402,1650 3,36e+08    1,05%
 7553019 592563        cutoff           1417,0000     1402,4554 3,36e+08    1,03%
 7573876 582397        cutoff           1417,0000     1402,7423 3,37e+08    1,01%
 7595064 560357        cutoff           1417,0000     1403,1846 3,37e+08    0,97%
 7616541 539851        cutoff           1417,0000     1403,5025 3,38e+08    0,95%
 7638196 517806        cutoff           1417,0000     1403,9085 3,38e+08    0,92%
 7660320 498737        cutoff           1417,0000     1404,1806 3,39e+08    0,90%
 7682503 480774        cutoff           1417,0000     1404,6033 3,39e+08    0,87%
 7705222 459104        cutoff           1417,0000     1405,0370 3,40e+08    0,84%
Elapsed time = 2838,67 sec. (2578764,18 ticks, tree = 5750,82 MB, solutions = 13)
 7728270 435288        cutoff           1417,0000     1405,4129 3,40e+08    0,82%
 7751986 418194        cutoff           1417,0000     1405,7054 3,41e+08    0,80%
 7775779 397538        cutoff           1417,0000     1406,1105 3,41e+08    0,77%
 7800289 374287        cutoff           1417,0000     1406,5304 3,41e+08    0,74%
 7825259 355342        cutoff           1417,0000     1406,9568 3,42e+08    0,71%
 7850359 329190     1412,1507   305     1417,0000     1407,3706 3,42e+08    0,68%
 7876268 304306        cutoff           1417,0000     1407,7253 3,43e+08    0,65%
 7902845 279810        cutoff           1417,0000     1408,1964 3,43e+08    0,62%
 7929772 258031        cutoff           1417,0000     1408,5661 3,44e+08    0,60%
 7957588 229271        cutoff           1417,0000     1409,0084 3,44e+08    0,56%
Elapsed time = 2901,62 sec. (2616912,62 ticks, tree = 2804,18 MB, solutions = 13)
 7986313 200210        cutoff           1417,0000     1409,5700 3,44e+08    0,52%
 8016033 169307        cutoff           1417,0000     1410,1185 3,45e+08    0,49%
 8046396 142294        cutoff           1417,0000     1410,7475 3,45e+08    0,44%
 8078631 110109        cutoff           1417,0000     1411,4840 3,45e+08    0,39%
 8112647 76595     1415,5627   285     1417,0000     1412,3549 3,46e+08    0,33%
 8149002 39542        cutoff           1417,0000     1413,7347 3,46e+08    0,23%

Clique cuts applied:  8
Cover cuts applied:  960
Flow cuts applied:  25
Mixed integer rounding cuts applied:  546
Zero-half cuts applied:  236
Lift and project cuts applied:  193
Gomory fractional cuts applied:  16

Root node processing (before b&c):
  Real time             =    2,97 sec. (2270,63 ticks)
Parallel b&c, 16 threads:
  Real time             = 2958,47 sec. (2641127,48 ticks)
  Sync time (average)   =  331,62 sec.
  Wait time (average)   =    0,32 sec.
                          ------------
Total (root+branch&cut) = 2961,43 sec. (2643398,11 ticks)
